-48771.7724844
-51831.6780703
-23729.7117902
-38092.0458939
-28741.1708725
-66527.7531866
-25078.7573924
-23718.5808308
-19017.2903327
-27420.1541848
-9688.04209602
-25362.5675577
-32441.5205151
-18396.8523348
-37756.7077706
-28053.6985954
-20712.3656009
-18382.6665265
-28407.4097741
-15706.2690148
-34084.5204731
-9675.60785805
-41095.7921639
-21042.4661902
-25418.2574106
-21707.2817228
-21372.2847165
-18393.2657264
-65834.7088389
-24053.0854793
-15047.9556759
-29752.7030788
-15705.4527546
-28059.40791
-51131.2827792
-24393.147441
-45136.008346
-31406.9731571
-45790.6482541
-44136.3847649
-25082.3682486
-24694.8610501
-47439.2392002
-29411.0519177
-30075.6259195
-24713.0540025
-24703.1027219
-19718.3608096
-35771.5705688
-30117.4241003
-23742.2194767
-38141.9881711
-37421.4299866
-29076.8591486
-38748.90544
-20067.1799165
-37082.4072364
-37739.6783948
-19049.8196033
-39427.2475241
-19726.7027295
-13361.3955805
-45778.8884807
-51448.0698524
-19730.3238557
-35060.7513216
-16042.3319315
-11030.6737778
-17050.3898972
-16726.8720201
-38104.6793375
-16063.3560076
-26725.7014162
-14366.1212612
-13366.3821918
-25409.628894
-17039.0297554
-11034.7395669
-14710.3236134
-20374.5574999
-40462.8196569
-21055.2363765
-22732.1987766
-20369.887063
-30426.6314386
-33739.3713803
-28432.9519122
-28416.1674402
-12360.1170019
-19022.8143108
-16373.1760629
-21675.1361789
-29727.449748
-24381.6949237
-28088.2092691
-16689.6938684
-36405.7819696
-27719.608954
-27736.845079
-36455.8081854
-25729.1174158
-23374.2092232
-27404.3788045
-30421.2248755
-37790.4719852
-25735.7190303
-38754.7501886
-21397.3978512
-34729.1627136
-36761.1078321
-28416.6914828
-31095.5554328
-32409.0879126
-10702.9546035
-15717.4036395
-15377.0274005
-44767.8915515
-29429.2357439
-23756.0211375
-47824.6075987
-20400.7962056
-26716.4125415
-20041.3357831
-50134.9611601
-34447.7580063
-19027.9273875
-16370.8984679
-30401.7401766
-13028.6174834
-29096.4918508
-14358.2662801
-34054.3843687
-25717.7348558
-26085.0807004
-19068.1610324
-15027.9171477
-29769.4844916
-39798.962125
-15363.1248289
-7034.83971864
-18061.6822428
-14734.5071504
-33757.3739896
-48441.4491632
-21710.1381964
-18064.2654613
-34792.8794278
-21746.5387852
-6690.57467286
-32720.8237765
-13015.7832274
-26733.7451261
-19024.4876027
-18396.3240433
-17733.1376437
-17044.8034471
-17035.5646285
-35392.4913466
-34079.8887672
-44446.7003366
-17041.0880667
-82051.4242368
-13364.731161
-57135.1087368
-21733.3975792
-13712.4733786
-53800.5425203
-54506.6641118
-20371.4066368
-19039.2993854
-44774.4138484
-22388.0051981
-44421.0541309
-22398.3250963
-34753.905628
-20408.0447213
-35080.1128212
-56174.8398274
-25422.0381662
-31378.6990413
-37775.3928884
-50771.6266965
-28430.5692828
-6675.80284555
-9693.26132173
-17045.3506907
-30419.1297327
-20717.9252217
-40740.1213136
-17719.3024392
-38090.2661925
-16043.3953673
-27737.5873374
-34396.175786
-40105.0947207
-34443.7943985
-29421.578207
-28745.8031289
-13379.671281
-20395.5971064
-78146.1133144
-26750.2540122
-35400.599265
-60774.3616835
-41146.2948143
-32740.3986397
-39445.7580644
-22381.0596076
-31769.0068176
-38454.9476825
-28395.0170144
-55437.1919987
-22037.6570436
-53780.7760025
-40136.3126909
-27048.3144557
-90519.7774897
-20722.2981119
-29083.3537189
-13039.3308987
-29426.9975908
-11343.600887
-8018.79308185
-14365.0869465
-12035.3313118
-21748.0364406
-14374.1550932
-29409.6043342
-38448.3681463
-31423.4056268
-45089.3556393
-54776.6737367
-32046.70135
-80220.8373376
-36108.2451594
-45785.166938
-24766.5219283
-23069.5360472
-37086.7073754
-49081.479406
-18037.8789805
-45791.7240178
-19744.4412542
-31458.2172895
-22396.4787699
-18738.7955818
-24069.6365243
-27717.4689906
-29406.6303636
-29427.7907861
-36724.2051147
-41471.8365946
-34741.1874201
-37733.4295375
-19393.8909028
-14731.1174782
-6017.9171388
-40741.9990024
-29406.956778
-35093.3499189
-29087.0207644
-37747.4930045
-13732.0722601
-15725.0332106
-27385.2660148
-7703.78166368
-22045.6736749
-18691.5886811
-9380.00597717
-67148.1479246
-53205.4661191
-22078.3065522
-58165.1002448
-37133.2788268
-53472.732789
-75544.9993156
-41424.3933883
-10027.2630798
-29723.0142468
-31409.850693
-32751.8386796
-26740.9739065
-44760.5721621
-18364.4963074
-37747.5502279
-43439.2404168
-17715.1865432
-34722.2592951
-14046.1116709
-29098.4134138
-14360.5398664
-21395.0103659
-21407.1505873
-32102.381008
-49162.9068431
-29412.7346191
-24408.0396053
-25737.5051359
-14033.3669164
-20061.6344562
-30100.3818983
-38746.639712
-16375.7313955
-26408.9494916
-21392.4562002
-36776.4890946
-61159.0781286
-32747.0764439
-19721.8362713
-30085.5086768
-10376.4363684
-30455.4114374
-30085.4341887
-30733.8862077
-23698.5040668
-22377.5211037
-52170.9291089
-28700.7539054
-26085.5775664
-31074.2946904
-9713.88326758
-28423.3444127
-35738.555603
-37079.4063686
-24039.7898515
-35434.1165067
-12371.9840807
-11711.0137865
-48431.0372571
-48141.770542
-41423.1639927
-37418.8702195
-36094.0374845
-9040.74078768
-31099.2394175
-46763.2707123
-39396.2871997
-42409.2179301
-13051.0082248
-12371.9840807
-11383.4895997
-33728.664222
-8713.54993425
-46126.539063
-34412.9250738
-40080.6980271
-44097.8082711
-38760.304485
-29044.9375189
-16014.3131815
-35720.7966541
-19737.595283
-12371.9840807
-11711.0137865
-42816.5324886
-27414.3584421
-28089.2735105
-23402.6251594
-23063.7853649
-14730.9778929
-39433.0423597
-38439.504669
-19375.8602523
-11350.3780108
-46510.0713083
-30395.5180884
-22055.0948585
-38106.6536366
-20042.3021868
-24753.4886039
-22020.3532777
-11361.4046595
-13025.3839979
-19378.4428322
-20051.9485853
-19404.7271035
-30757.701812
-61819.3911836
-7012.59446944
-23721.698245
-20373.2140519
-17703.4620561
-30765.1116821
-28749.666353
-24056.1197656
-9702.95301072
-52151.3883053
-60813.1476324
-59795.0128781
-37426.6387269
-18726.1833452
-19381.1944343
-33059.5042815
-31410.819456
-29384.5797091
-16401.185173
-29079.1977996
-23410.8557232
-31468.8596312
-39085.9298033
-14721.2503123
-22072.2159805
-17712.4344853
-18043.0040001
-19387.1099112
-12706.9023766
-40819.6700178
-17374.8454542
-29387.5362572
-29427.4610075
-18405.0318862
-27376.2571462
-18692.5460959
-25729.9163916
-46475.6444249
-33761.2164296
-51173.86524
-40128.3745205
-24048.772112
-32429.3438917
-38138.1532752
-55870.5668748
-21397.7911799
-71525.5252111
-41795.3569489
-69160.8132549
-40454.0458017
-34075.6840449
-32404.9712939
-31772.6851828
-29089.3036483
-28087.4851374
-47408.8706615
-49828.6926081
-34065.4161484
-23057.9414118
-40402.9998384
-20721.7279372
-28749.2895197
-33069.064403
-33063.3929788
-19715.1573805
-25089.4334807
-32762.7623908
-11032.1556587
-27773.4186715
-16041.0013428
-28401.7744376
-22050.8462428
-10002.993699
-30419.9352287
-41809.7368389
-30412.5020207
-34040.3797511
-13031.3230907
-9690.39295204
-18058.9472693
-31069.1840621
-42111.9467847
-28399.8657713
-9345.73281527
-14394.520559
-10027.8403103
-18390.9507454
-7364.39449964
-23077.8504992
-27404.4311451
-21043.2065321
-18367.0327226
-12046.9590316
-39095.488659
-8029.8554986
-30395.2534461
-28378.6793636
-22086.5572929
-32442.7134127
-22041.1227752
-15684.4134104
-26402.9575894
-24387.5130117
-33085.5214308
-15046.4050139
-18029.5295831
-21384.2310978
-21392.2573854
-39427.0629874
-11051.9672528
-57490.6858672
-20376.9730265
-26406.6912255
-12391.6907325
-13040.4855528
-7689.94473383
-17057.2834334
-34745.0391137
-17407.5244798
-12698.7775978
-19033.7830811
-30110.6891052
-52824.2812225
-12019.7795345
-20382.1389695
-23424.417617
-49113.3373439
-25037.6525155
-19376.4766288
-50104.2153869
-17067.7899454
-31093.38059
-20395.1253538
-18729.7875349
-15719.908729
-7701.413016
-12028.6710531
-9672.80190722
-41108.8150128
-27432.2124145
-38425.2381168
-42116.3260805
-41757.4213847
-24085.5659279
-16729.4173502
-19733.5085481
-25066.5317595
-16701.8344616
-22068.9950315
-27411.1541174
-40105.563481
-44123.3516625
-28761.6620325
-28050.4211153
-17036.9127599
-25381.6793084
-8685.10680701
-20398.8874584
-23387.2995079
-12728.4058001
-33116.279955
-54832.8036227
-16704.1824805
-9700.52153417
-31413.462263
-11031.4182945
-12379.2255269
-31423.4259019
-23713.4285408
-22103.1916496
-24066.7426331
-34405.1521522
-6678.82049341
-27748.580886
-9346.69369629
-26047.6485267
-18373.0422929
-47759.7506644
-4674.25489349
-12020.0878054
-4688.87491605
-31727.878939
-16044.2296391
-10016.3115482
-24709.6307258
-12688.4463599
-15687.2045414
-24696.2277762
-23044.1415575
-25732.0899951
-17015.5512633
-25384.1247249
-10688.3037682
-32054.8834753
-29724.3954339
-13360.4281246
-12020.8361762
-26387.4167623
-12375.4021379
-22070.8274584
-13711.2349637
-37752.2974725
-30066.6243199
-18700.8737656
-18365.309914
-17356.4792494
-15037.9862898
-10347.1653755
-48096.1932042
-31075.3682817
-26745.9649517
-25088.7434965
-16713.5277748
-33755.3223658
-18695.1032191
-76526.6883285
-48099.0392852
-37452.4587179
-22750.0363242
-13341.7365082
-24084.3293668
-42428.7128439
-25773.1299774
-24402.9799407
-22719.6439368
-10676.1361789
-46813.1202569
-23033.8907559
-10347.6119921
-10710.0253063
-12701.5803095
-55847.8083039
-27055.9474816
-30738.7612814
-26409.1937009
-36747.5342737
-72185.6944166
-44473.2029444
-74223.0217025
-23373.7776447
-17394.1062518
-31050.7750767
-6672.90617956
-39116.6538225
-24375.3721823
-18397.9665212
-21046.1661405
-18719.8674876
-23374.4276921
-40743.0004905
-23695.8326053
-13033.9548842
-14702.5227849
-34104.0957957
-12690.0270766
-15687.4315129
-34059.4628115
-18715.5259116
-18711.5228318
-16373.6414501
-24386.8227971
-39745.4674165
-25391.7722841
-26071.5616673
-7700.40715846
-11034.1779028
-13688.0311637
-23064.6473697
-23053.5130681
-19717.1532248
-40801.4683767
-19372.1808789
-11044.3633918
-16364.2822012
-34774.1523638
-29730.7182885
-23752.8542498
-13341.2529149
-22074.1440907
-42748.1197548
-7700.83940069
-23727.3070661
-40806.9163693
-12043.8966562
-13698.0428845
-16026.2359563
-22709.829468
-34090.1997804
-20715.7205863
-22077.0746762
-18726.3598712
-6353.55948453
-7674.55121639
-24729.1072584
-22035.4774567
-19388.6711986
-16689.8222784
-17729.2858606
-19035.7849949
-36418.7979227
-14344.2704376
-10349.2786588
-15055.7137838
-37117.37261
-35787.5006492
-18716.8986535
-28768.8173262
-31070.6715132
-17043.170894
-11686.311707
-22038.9028575
-23406.680824
-17051.8225811
-29423.652225
-15726.7097302
-11355.6937432
-19720.9872407
-8715.97482619
-31422.5080549
-13033.1486527
-30411.3592709
-8018.01773379
-17024.7106315
-24050.781027
-30404.3430291
-26727.8433519
-21373.6211754
-14375.1902576
-23769.1755894
-25062.7600536
-25382.6338913
-23051.2827695
-29428.9182913
-20093.100667
-27070.4933774
-15726.0402808
-11378.6662504
-17704.3062211
-42456.4117848
-13384.3879815
-27740.4867335
-16712.5181061
-20052.847418
-80512.0902086
-22718.030678
-25059.0563996
-42435.4860543
-26403.8021285
-30393.6767287
-22053.4835811
-22031.2110479
-28403.3198971
-23413.0160139
-66818.624055
-48486.1978146
-32101.1719132
-30437.1480259
-28733.4628412
-14357.2996811
-21067.7005673
-23718.40199
-21737.8270951
-11710.9781114
-28392.2983377
-16693.3742408
-39769.3332732
-18372.1930476
-31400.7019033
-14370.4379566
-22408.6259119
-29446.406974
-19706.7413325
-38092.939466
-39122.2254866
-22394.3127675
-33103.6254922
-17038.1643891
-37436.4342287
-50473.823692
-69139.3678079
-35416.1910175
-46126.6822815
-36422.7953078
-52104.5672357
-50096.9558157
-39438.8089696
-14397.6229182
-40109.182509
-19716.389583
-22709.7219065
-19718.8302508
-17375.7266666
-12395.3443337
-14711.3585304
-17735.7302983
-15745.467815
-15719.1702746
-25399.5224028
-36445.6031243
-41125.9044977
-18719.2699194
-18732.8887308
-37453.484872
-20752.6788738
-10044.9688099
-32463.1379764
-40765.9920541
-68827.978028
-22382.9629788
-54172.6021276
-25068.5377028
-34413.8762276
-18041.6375708
-13703.0981973
-34409.0784915
-36105.7861939
-17056.6188363
-21061.6818694
-25060.440464
-25405.3026333
-17056.343811
-15041.7139127
-21050.2261278
-16699.8692713
-45810.2108094
-27433.2290225
-36792.3663671
-25383.2403049
-18379.3817102
-14406.4115214
-15055.0586369
-20378.2882929
-38737.2953458
-25030.4085988
-31752.5176122
-17373.2888371
-25390.5186274
-25737.0390658
-27391.0558231
-7688.56830616
-27389.8937416
-23752.964537
-21724.1351462
-27100.3381347
-14041.4812096
-21736.7647155
-30418.8059021
-20740.3455125
-19703.6590267
-10707.7206557
-20065.4552344
-12713.9363948
-17376.2502273
-15042.0673911
-7690.27806717
-35392.083246
-14036.213806
-30742.4438632
-21058.6344139
-7360.54328595
-20060.2969935
-26773.247797
-9371.11836143
-24052.148905
-23716.8336732
-13698.7995043
-13714.9035741
-30067.5844491
-37462.8915939
-32754.2973946
-24412.1137355
-20056.0507832
-77191.9068488
-26726.8586782
-18399.9111526
-13706.3234491
-6344.9920178
-13722.5062324
-13381.5142736
-27079.1868566
-15714.7414073
-16716.7489945
-15028.9086258
-16722.578281
-38743.0671876
-21714.7466217
-36098.0836839
-42439.4207659
-25068.9322867
-23079.8746931
-24407.4013327
-38076.6937186
-15021.364497
-19056.4424317
-47101.697186
-30385.1659428
-22732.7516667
-39409.3156849
-9347.64302859
-39752.8575197
-21043.1048388
-32064.974587
-35765.7047244
-19387.8571101
-29732.4659025
-5688.795247
-42092.8933621
-22728.6224943
-28079.7937117
-42074.6306707
-36065.9220803
-26081.0725226
-81210.3344483
-40786.1272273
-37134.5496425
-35112.4021554
-40107.7928717
-28726.6426681
-33768.4729839
-28080.0637834
-47101.1868044
-31067.0871888
-29403.4470602
-49738.2896022
-32420.3183071
-26405.2639383
-33729.5729118
-30386.6800576
-33100.0882442
-58112.754169
-13373.6037434
-25733.8387597
-15369.9157694
-34373.6716443
-29767.5937925
-12367.1320683
-47774.0444952
-34474.3862766
-21739.1700774
-13707.6504667
-22695.3937271
-34085.4538418
-20700.5619039
-36773.224917
-22019.1734246
-22720.3391453
-16035.5789174
-29393.721135
-26075.6656779
-34090.7952439
-14040.9158612
-32766.1458937
-40440.8987531
-22060.7969309
-13690.4256214
-13359.5713171
-20062.1642799
-31414.4549443
-19403.7088889
-17720.8464015
-27395.0914692
-26070.8222794
-25401.8849888
-45110.291239
-20047.3156747
-19054.7236915
-33416.819713
-29086.6873362
-24043.6352118
-37427.3776697
-22697.5741825
-7018.37718637
-23055.8899615
-28412.8193695
-37406.8290775
-25411.0714377
-37430.2403034
-39114.0586687
-18710.2789347
-15054.6701189
-28741.0132874
-19713.2318132
-23086.964232
-17368.5630311
-36768.6601916
-27722.846435
-19720.5301616
-15704.6084691
-49100.6836749
-17049.8441486
-16384.3571507
-26391.1056174
-9045.71267372
-19727.7259232
-31083.9923693
-10716.8143411
-18735.0576876
-20368.882308
-23749.1797885
-27072.6390822
-24097.1767555
-11375.0719791
-15025.7839033
-24740.3906065
-31800.0490853
-9354.3548013
-30733.4271246
-10705.7091998
-45131.5767964
-17040.4202119
-35440.7655986
-15018.3955335
-35083.4676179
-23053.2917656
-36115.8823774
-37115.3370487
-58122.9973423
-55800.730844
-52182.2340877
-47476.2704845
-19725.7392177
-45131.7288722
-22748.3594805
-40115.4266299
-22092.1649342
-61147.8036021
-41436.5617842
-28058.4294905
-34423.339657
-21037.2318012
-33758.5322436
-31121.8127523
-30091.8032543
-4015.41700462
-47478.8794796
-23052.4878469
-17740.6802373
-25053.242528
-30750.9186027
-32444.2690144
-26395.711897
-31086.907263
-26429.3900851
-24075.8229158
-21404.2696112
-19048.9072434
-27077.5654542
-13034.2547561
-37091.5867763
-32756.0601322
-10676.1361789
-33093.8453601
-9373.1894851
-33439.4414736
-39085.4689472
-32062.8390975
-13382.676193
-30747.6418393
-17068.9422606
-32752.0130646
-17063.2153274
-8675.60785805
-13364.1036133
-27778.0485933
-9356.76614591
-25401.4880625
-14029.0756615
-19734.4414826
-55494.944488
-19405.3816057
-38745.9656768
-45110.0637203
-30721.2950154
-37054.4383978
-23726.2591516
-32422.1685033
-39102.8835159
-31433.4380446
-41088.1648485
-41095.1687949
-25419.1891151
-24385.7943561
-27056.0160472
-39432.1306034
-36791.2933392
-38117.2338663
-18722.0576591
-13051.6666852
-49101.5946408
-23723.8133534
-16713.4177697
-30408.1898694
-12724.9193017
-31082.2919415
-64120.003184
-52431.4374538
-14700.1561679
-47789.5128751
-17729.1906292
-16368.5887281
-21746.2847647
-33763.2895843
-20727.0453936
-24732.2633205
-42746.8332218
-16036.6705909
-21766.5549924
-50788.8432635
-18050.8199073
-12056.282925
-28093.6353377
-29414.8575777
-17729.6063637
-24721.6473269
-15399.4273284
-31747.6332818
-31066.1919648
-53127.6253309
-33400.8778587
-27729.0225202
-22737.2426436
-53449.8685128
-22379.5635809
-20728.6005474
-10034.7463493
-35083.1303907
-29722.7249439
-23394.5570081
-37043.0814296
-38101.0753972
-20386.3138348
-12689.0689202
-32778.3251921
-39768.7010969
-18712.5697534
-32443.5018756
-13030.6319341
-24426.1037673
-18712.5697534
-29410.3958677
-28467.8411462
-19043.8561652
-23060.965291
-31396.1138385
-56769.7106726
-17693.4503353
-6677.75403085
-16023.7266327
-25716.3644736
-13683.9622137
-33732.4386299
-31076.6796106
-21703.1935721
-16706.9594992
-14028.11304
-33056.3712476
-40803.5658275
-31735.5540748
-24741.9110938
-33403.6766114
-32073.7317478
-44769.4802437
-31784.0714556
-65835.7412195
-26398.8212695
-18042.7517056
-13695.4012804
-29421.8188547
-15043.4452148
-9687.55948453
-53104.6772235
-49793.124314
-14717.8323765
-52453.3880539
-24053.3353343
-22379.2068125
-48114.3248812
-28090.3335635
-30406.2573531
-37103.8572009
-28763.2163383
-17070.7177917
-29414.393078
-47154.8261051
-55823.0317917
-15047.5967656
-22714.4850863
-40726.9390669
-29398.984148
-17379.5255565
-38078.981084
-41076.2500255
-47800.6237365
-40424.5455711
-15049.9836877
-62490.128229
-18716.0956247
-66557.5686675
-37094.9299197
-35749.5208871
-48765.7791762
-56521.9213221
-50418.9324186
-21051.5198243
-33394.6960402
-45804.3118419
-46880.2495694
-21041.6663385
-63506.0780791
-26068.4262681
-33743.5923899
-46096.4970455
-43461.35428
-21414.5310765
-15053.2758858
-25058.2485595
-40131.0314509
-26740.598203
-20718.2275503
-14044.9448398
-19399.3025299
-24046.6308803
-9346.26113611
-26714.6184644
-16373.7982728
-16040.6745663
-23052.0836994
-14016.30388
-18398.8737863
-30393.7619889
-52770.9717855
-14358.0387505
-34397.5337239
-17709.1795291
-28414.6236899
-51513.2043915
-16705.5835601
-15073.7879761
-11344.2704376
-14387.2357379
-23382.9203936
-10713.8363216
-27417.4453924
-16369.9337353
-34765.1521397
-23057.6631214
-53502.4192982
-41789.4416855
-34788.1280231
-24094.278127
-29395.6644457
-19389.7302521
-30715.3396769
-12707.0817888
-19072.0292176
-40148.9966438
-22378.6599382
-24756.067755
-14027.3022937
-14014.3131815
-11697.7066672
-13705.4071719
-19388.3499087
-12684.8776256
-24425.5429004
-14029.8046733
-38436.6569958
-59486.1620525
-31730.2047526
-29406.7071273
-18038.3706562
-25699.9422952
-13014.8789881
-23060.5836309
-45140.0005861
-34731.1650884
-24378.4404933
-29064.5545898
-69824.4722292
-21752.7723044
-9676.13617889
-24070.6141417
-45117.3526299
-22719.8719263
-24421.8655835
-50109.6041163
-28082.731221
-17376.7516567
-28074.1286951
-14697.7972293
-22042.2379949
-15361.584594
-32103.0276033
-30721.8994873
-24074.5429595
-43437.4859348
-32730.6031554
-49119.3056361
-25068.7824972
-33743.1022251
-26080.5398534
-23046.2259024
-25751.2106696
-20043.5551772
-27748.5403944
-35422.0067572
-16709.1861632
-17056.0037421
-31083.9522287
-15034.7029743
-20061.4131044
-33431.9357882
-40462.7095076
-46447.1011503
-50113.0833382
-40105.8862827
-18410.5166258
-19040.7303339
-36476.0983149
-31413.8856353
-26083.2345382
-36109.0346876
-18716.4599899
-20400.1894751
-7706.17450992
-25042.5579767
-43751.1583664
-20402.2925637
-30734.1686068
-42390.6023658
-11040.2729554
-17043.4633062
-27057.732575
-11716.8021142
-29389.5374128
-35112.7143479
-29054.1047171
-68596.3736743
-48796.9321757
-21748.8100273
-28430.0621108
-48828.9891494
-26074.2394436
-45438.705213
-42467.8654113
-20065.6327328
-33761.5074164
-32393.8759969
-27094.7450928
-20728.6753326
-30768.8052735
-59486.2485158
-48055.891136
-28403.297259
-57492.298404
-23058.2371214
-14367.7559953
-22042.1421583
-54792.9050289
-53483.8443056
-22710.3339096
-22051.1555767
-28762.1749182
-28073.1446674
-18045.7702809
-32404.7980414
-27083.3432877
-16367.7837828
-28090.1542928
-11704.9822944
-31755.5263947
-25385.1739473
-31733.9106769
-12015.4170046
-25056.1484092
-25369.2019688
-13372.3562524
-15017.1176223
-32433.7603625
-17715.5545658
-18712.119074
-16707.0639027
-19713.7681366
-6675.80284555
-15054.5240107
-23715.1613671
-14344.6761736
-16031.7481946
-34762.7392734
-18689.3761709
-18705.0470186
-15713.9437562
-32056.1967338
-16036.1072382
-17707.9419565
-12055.4364489
-30409.4187212
-36084.5773977
-12358.3380433
-19745.0027922
-38134.9943798
-22726.3530008
-46129.9038555
-30080.1920834
-9693.8790788
-41109.5267348
-27073.4762567
-21031.7050699
-16697.7864267
-22056.5269325
-9022.60497499
-38123.0725597
-22703.7965832
-5687.61074496
-31069.1976494
-7675.60785805
-22721.6938697
-11025.9257151
-26737.0261739
-16057.0494514
-20378.3603865
-9370.03086796
-11019.5233097
-24372.7786091
-28781.4695113
-20059.8630359
-19726.8246758
-23384.4605136
-36112.6212109
-15034.3161235
-19709.7331861
-38131.459566
-29730.6113113
-16016.8845967
-7693.0365125
-10684.5011686
-45766.4743074
-24068.6691367
-21384.9462492
-29709.2375686
-30055.9971501
-13347.4170046
-57783.0868118
-14346.2611361
-29745.4848433
-23361.1771298
-14705.7354202
-40770.5663779
-53803.6717729
-59138.0909234
-69491.1060091
-26387.899628
-36051.1823021
-22084.8609826
-24401.6518678
-15718.8669785
-25403.6191185
-39757.1179384
-27397.137015
-18051.7213148
-29049.8462757
-33398.1690662
-22053.5391285
-13034.0263667
-40424.0550307
-42092.1892895
-39785.0083216
-46119.7587986
-35400.9411082
-31406.6558004
-22726.5672637
-35415.5384769
-22726.5672637
-54150.6943413
-26711.6992815
-23039.7095982
-23026.7344597
-58514.1320653
-57450.4026824
-44150.5421106
-32083.7502701
-42458.9528433
-53832.0820836
-34105.1125866
-44808.2855096
-76892.8921769
-37103.3823651
-19063.0931932
-30778.5141793
-42472.5230401
-39123.4835062
-31113.1532817
-52122.9104199
-18728.5221857
-30406.0121509
-31785.4489591
-48803.0805888
-45798.9093416
-48510.2462697
-55513.8033154
-26399.3083233
-55787.8753294
-32727.2701147
-20051.3859179
-36102.3330237
-16712.3114769
-34747.6986303
-24044.6672151
-43469.7093258
-20740.8698982
-11720.3449597
-30752.6077786
-13395.323372
-28372.8699826
-60162.5466815
-35112.8070063
-27065.1930203
-13038.1042626
-35773.0284807
-32738.400657
-44466.8405331
-43450.5955757
-38074.9875846
-41767.4356239
-44446.2295949
-50472.9252584
-28734.5054546
-21048.7051684
-27396.8174395
-16687.6605092
-45770.9016133
-35079.0685493
-14030.2217214
-38789.5760556
-28752.7398469
-53449.9108188
-30068.3657485
-11032.038399
-23082.9636367
-16051.0113355
-16073.8911871
-30731.4754682
-28391.1593911
-20397.5314755
-35109.0208617
-25033.6704322
-24417.237885
-7694.23028526
-15362.3768541
-25063.0556322
-41439.5133248
-31072.5626838
-25726.9835417
-11701.1865993
-22360.1520338
-25391.104914
-12028.7077376
-16380.9676804
-23395.4974454
-34756.8753613
-15366.5035513
-17689.3255032
-15055.1925205
-25747.5576095
-17720.1767771
-17717.822933
-22057.2849356
-49457.7948858
-37448.6649972
-26721.3139935
-36762.0893405
-35462.1010845
-19736.0655278
-26396.377672
-21029.5564073
-23736.2661292
-24041.4905972
-20033.7270739
-29067.2322828
-43795.6830491
-20716.9916024
-23393.2872978
-25396.3481298
-40109.6551536
-56188.7651382
-18726.6458523
-15355.0002524
-40772.0411758
-26074.9395829
-30089.6870992
-12376.2920723
-24720.3214396
-15376.2591783
-19033.2123004
-28059.8531783
-17705.5491292
-20389.1453708
-18047.395708
-34790.4518979
-30370.0563201
-25361.1656863
-37091.330052
-46117.1111399
-56143.1950291
-52777.1924054
-44126.6275192
-42450.4226616
-45104.9308236
-24416.2096339
-25400.917471
-20388.0538787
-29736.0050328
-26415.1111515
-49831.7680487
-28089.1953296
-15020.5028429
-14366.5790323
-34058.6262534
-26051.9401346
-27383.3075708
-34419.307681
-18062.515569
-44445.462092
-58495.4478114
-17719.5627369
-33082.5282084
-34094.712306
-29070.0105341
-31410.3749963
-48771.5842399
-11716.5335826
-21073.0524272
-47741.0048178
-22747.4499528
-23738.3126619
-25726.8860431
-26379.0292812
-40799.7731298
-35749.2068306
-27109.4169799
-29106.8028206
-19718.3571996
-23398.7232789
-42785.8904096
-77570.1815505
-9361.23041043
-24727.5354823
-32737.9310476
-10700.1754433
-41405.6394296
-31069.0865522
-15370.2452191
-20059.4149957
-13373.121183
-12016.30388
-17695.3595185
-17028.5430053
-20397.8915664
-43753.8678962
-65536.827497
-42110.7444233
-54470.9511335
-56081.8307912
-21071.5387295
-44457.8377768
-31077.6954154
-38420.6036904
-52499.0549688
-53138.8387748
-28377.8421087
-27397.3261481
-30084.3621405
-36794.7536819
-26408.5698987
-23750.2325854
-29043.463066
-36438.753209
-30092.5922365
-19706.8362818
-31077.2457434
-24371.389303
-26066.9152885
-41426.6213147
-34410.2981812
-23074.322633
-22069.8898282
-12703.4575706
-30440.9052479
-16052.4013835
-24754.7182708
-19690.4328126
-17383.5564439
-25411.7760083
-24721.54808
-39086.8733743
-35462.3580998
-5681.17134943
-22074.0175125
-23036.3899039
-39109.789303
-25378.1918993
-30067.0213117
-24398.3670471
-32380.5793093
-25385.5804737
-44082.0727796
-25383.5461642
-10693.5344643
-32387.1866234
-21716.6968211
-36076.1236907
-29393.1833597
-25752.8590349
-9366.56208864
-33105.6392143
-8360.17130925
-49476.3441897
-29743.8705991
-22712.6623095
-18722.9939328
-78230.0304113
-33421.5459357
-22717.9303718
-14713.5446004
-16713.3067043
-14370.2878988
-26723.4824405
-21737.44991
-32744.371337
-45424.333096
-64913.7394487
-45428.1508545
-65114.3847503
-32777.3866625
-27741.17348
-24745.2109167
-35777.319777
-21029.6664569
-40765.3303398
-58799.2299046
-9698.59048082
-22751.7706926
-32766.8182986
-38807.252037
-24389.5561625
-25423.4302556
-24724.845617
-38112.4979792
-43124.9435954
-35750.3934757
-28055.2069872
-61159.75815
-27066.8676516
-68812.5046342
-32758.5278509
-34404.5002836
-27377.8846636
-20736.2682152
-34416.0988217
-26412.8200296
-29091.977413
-39430.2283641
-39385.7369245
-29405.0096323
-26735.2445239
-25049.1713842
-51126.3154556
-42449.9260757
-31068.4316409
-31440.9219403
-25395.4589273
-31127.7457535
-29736.8930383
-23049.2996423
-34418.0645688
-25745.2434594
-37410.5725214
-36417.8122422
-44120.6133953
-21048.9623625
-24394.9708527
-18398.2463974
-8690.6114005
-8035.83971864
-11366.9937225
-30089.2095424
-30769.4961284
-15717.9588875
-60205.871693
-27429.2883983
-24063.2726384
-13042.4606034
-16389.7883206
-33784.0651213
-22431.9247434
-14044.6370781
-7002.99369898
-16402.6597202
-40099.3658824
-28409.6358474
-38113.4943383
-30091.5995582
-35462.7498477
-13024.2996811
-27067.9592202
-58147.2454755
-19031.7106785
-9375.12054438
-48782.6492864
-17738.1205679
-22436.315324
-37079.0040999
-20066.3520792
-35423.9138027
-26420.6870914
-26401.5738573
-15378.602298
-24030.0384032
-16365.0995262
-34419.5170201
-17053.6273144
-25730.6117034
-36437.3106116
-54097.7162189
-22043.845613
-19717.9357072
-18080.4938087
-20052.169533
-30062.6186427
-26084.5458964
-6690.57467286
-12687.4403859
-26044.9793607
-40429.9524753
-40449.59232
-20393.4011936
-55159.6534894
-18712.1690206
-30069.6549247
-22383.7364154
-13027.8435074
-44445.1603823
-39754.0630192
-7697.33236193
-25090.5016939
-21716.4357212
-24710.7371936
-40801.5441246
-25050.8190666
-22731.5514837
-21732.591875
-26722.2117621
-23064.9236845
-42090.9969843
-16698.7216589
-13026.0869943
-39727.4909961
-30716.8320657
-33732.3929043
-30398.5416155
-32068.3932985
-18035.802991
-16041.5943311
-23038.2105857
-41405.6446084
-49126.6116629
-33789.5534863
-37774.3248741
-25413.5061783
-25073.2615125
-47102.4709943
-31769.6166025
-28437.7865363
-34764.1138421
-23081.4069828
-16055.4334542
-26416.3496391
-19375.2961549
-10689.6490157
-29404.4559577
-28374.3059656
-18039.2888371
-19383.8043952
-16704.4364845
-2348.94532546
-23753.7962484
-27752.1214618
-24721.7856727
-32425.7376566
-25712.9858276
-9345.41606629
-21405.1412235
-31390.8973966
-24050.1210624
-14022.9726533
-30412.3953178
-30050.3134406
-18735.3808453
-30410.747271
-23719.9241049
-55144.8578104
-23062.8770458
-45413.887985
-20071.2756945
-16697.5145637
-31416.2545239
-28408.6073211
-21061.9603573
-26741.2785756
-14693.9786561
-22045.8785477
-24071.1869909
-52800.8818526
-42805.9725467
-34787.835611
-22086.4949763
-23738.9148204
-53473.3950876
-22414.5541871
-25114.9039537
-47814.6146003
-43099.0947513
-16368.220488
-26406.7529484
-36808.2803078
-24736.3672393
-20733.9709893
-30084.2232
-11356.7661459
-17399.4850638
-32783.5562109
-12030.9355752
-53178.200036
-16363.0524365
-33421.3881633
-9366.96651576
-32750.4766514
-17040.6250203
-32421.964934
-18718.3086204
-24735.6469362
-22072.969594
-21380.4737769
-11026.2662801
-29417.4395071
-40091.6393963
-17388.9214035
-42465.5504617
-47138.6644722
-25420.018654
-38457.4507337
-15726.5620493
-15060.0710947
-24423.965688
-25111.2437199
-25070.4259391
-25097.4560294
-23738.9148204
-53473.3950876
-22060.0949488
-18724.8380978
-13714.5116587
-19394.988752
-15026.4655566
-15033.1613868
-8673.56476372
-12704.543438
-20372.9488134
-20743.244958
-17029.6354204
-34077.1654295
-28069.6084963
-20036.9309151
-17701.0604072
-22723.8836806
-28422.7770287
-9689.10805618
-22399.3109269
-23066.6732188
-11033.8340275
-20726.8114166
-15703.3998394
-12030.1070996
-27076.9711765
-21037.1637546
-14362.6145496
-26745.1148524
-16690.6443844
-38100.3570622
-49113.6572278
-15701.6259268
-39761.5253651
-37770.7943844
-15692.7642771
-45080.787835
-11689.8440032
-33747.8211569
-14050.7772572
-19712.8283259
-35119.995384
-47853.9306725
-21743.0915254
-21038.9862898
-23066.6673504
-3348.50468276
-5002.99369898
-14387.41347
-23363.3423333
-10361.3039136
-24375.6589361
-6687.14860876
-55133.2869599
-4008.46951222
-6676.13617889
-33083.1541501
-22425.1618273
-48443.9545826
-26725.8973228
-20730.2805576
-9695.55358704
-29062.3332045
-32410.9048773
-26721.6542536
-32407.9091415
