-168.192869966
-270.045212537
-227.336843262
-223.361816803
-156.829129913
-149.483423822
-272.172779832
-177.473002826
-150.920942345
-89.1310843838
-101.061956813
-176.963405789
-161.188735896
-361.103685566
-147.46246594
-156.896913194
-110.531579585
-225.896200563
-231.106542377
-215.012181437
-218.887122126
-204.989752578
-293.250460366
-198.004630912
-224.929379121
-144.95200677
-42.6795060397
-60.1606866124
-126.835247952
-102.31358598
-110.967192504
-111.007362004
-123.579161233
-77.7964465115
-94.8377727437
-115.403558286
-92.5677160978
-71.0761382665
-189.620951894
-152.289474174
-152.989319398
-242.41898957
-218.134071352
-126.466885298
-178.690582011
-539.315665653
-152.572139809
-67.3110648911
-122.56606477
-109.42260368
-180.427162075
-200.582747928
-124.683379742
-147.449291136
-188.166216373
-275.982623148
-213.661468761
-243.911362798
-229.829850711
-175.855861415
-231.106542377
-266.423185181
-197.647654216
-86.2872922824
-126.835911601
-166.348410012
-174.236774498
-235.82192691
-235.46508296
-107.953898689
-115.366732844
-222.829060698
-238.814004735
-198.538479374
-96.6427852434
-119.017717356
-117.834644422
-78.1417062431
-116.339563196
-82.8689520582
-102.166709568
-212.882618575
-118.53796611
-124.11710292
-188.637153446
-83.6911587704
-68.509119695
-56.4540461144
-183.857553887
-232.571571646
-92.7551302392
-139.492934259
-236.347524436
-183.416329683
-154.068936353
-200.295244482
-135.327326577
-249.338994586
-110.078421767
-72.7411480105
-256.161063322
-208.855662689
-128.632385498
-141.239250491
-212.708299236
-150.791298796
-93.4946693518
-336.968696606
-339.91235132
-195.388353887
-160.595905109
-203.400159119
-138.330718898
-131.336464658
-72.3592142653
-135.090200522
-166.290887767
-172.235613863
-144.67959202
-47.1527555308
-62.0210789094
-161.245377563
-206.695341095
-172.880864915
-49.0097957226
-221.475994016
-201.487554456
-85.2623579918
-275.822705167
-240.089205318
-233.813415212
-239.714919735
-149.209369397
-221.830752271
-158.196014327
-159.617320723
-183.201991415
-152.535129372
-104.90526693
-119.294409022
-286.076648859
-210.574505917
-92.3404883782
-149.406096086
-206.593264431
-239.851123479
-240.955136401
-79.7282161926
-58.8782175656
-56.5652543525
-179.359602071
-268.779981624
-79.7548373788
-146.920970302
-84.2022853915
-246.104755485
-88.2546501422
-96.171106077
-209.402411001
-135.097623772
-98.3696849471
-187.649765125
-113.01472699
-125.500256553
-325.581501246
-112.096264775
-229.968196544
-207.694370564
-242.526201132
-154.416328333
-250.891069713
-138.327089459
-217.327570841
-129.051725235
-244.489949409
-105.88165445
-201.190373579
-220.360196578
-152.090937592
-92.8903226292
-134.585342798
-95.7763087449
-125.936499456
-138.217142454
-63.6451293112
-127.604332253
-54.5804055736
-278.591120174
-247.424908025
-238.64856262
-204.233798969
-315.306715421
-240.642876248
-157.815955108
-98.1274725205
-75.4920372001
-122.559154025
-135.497664663
-285.65563739
-145.392649468
-75.8820122006
-159.524698221
-100.894542644
-355.256739772
-115.73689162
-208.502300555
-286.682074534
-153.517935159
-55.8189422925
-238.369921261
-341.636751365
-312.604925543
-148.09876359
-48.2321223021
-230.571501494
-189.447062806
-173.789539896
-100.507635142
-293.335398124
-248.448535502
-60.2911373897
-154.989511383
-92.3374921172
-384.239648266
-119.516883909
-231.869061929
-113.488240161
-100.805731995
-154.938946628
-359.682372693
-224.276311475
-60.4674676841
-101.374775456
-72.2532879099
-81.7496826253
-57.9562257689
-194.234216106
-183.677068764
-157.123445271
-195.942930543
-160.91204423
-171.477235579
-152.258437705
-191.409825016
-211.424151632
-148.305057278
-79.6560741772
-156.167053717
-90.6002447125
-126.493530592
-49.1661918367
-176.511262413
-186.179666977
-202.569615373
-88.4261745332
-118.669585983
-80.3534621039
-213.069077668
-112.859630501
-199.818033784
-175.097593047
-87.3374383087
-89.1215013511
-157.705096662
-257.416904832
-226.989317231
-262.906620028
-192.792847809
-180.048566032
-221.900257956
-313.793939074
-261.560413131
-146.950655348
-292.832556153
-179.633369818
-193.924898702
-179.798596006
-114.569356041
-303.951646407
-218.896849485
-375.71495687
-233.729711221
-333.190342088
-247.127786076
-357.95614044
-425.128363131
-198.970934448
-116.372171376
-165.707508254
-181.563856445
-258.113500092
-109.244326609
-97.5689493638
-107.30461123
-246.923018748
-127.169512196
-116.922567228
-156.662002323
-271.576733211
-125.907086123
-106.749838137
-175.540037346
-200.991271939
-154.228868842
-120.121709285
-126.922348579
-298.127739134
-179.054381287
-157.041311625
-346.853853313
-106.502370248
-163.285634804
-267.113314957
-277.63344494
-82.8295046035
-75.8078813935
-71.6516945907
-140.727822701
-180.625016835
-111.78010338
-83.8174196224
-241.181177217
-114.503411714
-174.569362524
-53.4596081218
-224.820807886
-70.31201994
-229.781737451
-160.581935782
-224.035529793
-152.056230615
-171.299339581
-132.860311986
-124.161314193
-286.677117125
-211.887932423
-340.155073691
-219.051197909
-205.221914678
-166.830545895
-184.914195554
-189.127698162
-61.4173327905
-148.852233485
-70.406284909
-235.368156495
-243.637243326
-147.762025108
-91.1877823548
-158.400917609
-25.3100781238
-275.464451147
-139.327385232
-200.280630263
-140.436006048
-291.317627467
-141.331565094
-67.1681171248
-168.739404697
-152.63837523
-247.8956884
-125.300241552
-116.11830589
-104.756955012
-217.155657172
-202.361451489
-54.5748927665
-174.541328349
-189.588922765
-265.325166435
-108.196902342
-238.186812815
-237.338955158
-115.904769126
-135.351089868
-166.709244132
-231.315372133
-204.74545252
-148.579729878
-256.97230052
-103.209620673
-160.748093198
-198.830668384
-218.909260706
-264.975400912
-160.880765235
-110.266893896
-138.302490188
-49.6053231327
-104.804545934
-92.0114319614
-87.9566049609
-169.315280533
-173.403297724
-310.245711448
-235.227527303
-227.271511076
-105.974049414
-239.328282485
-257.131705658
-246.283741665
-230.772041442
-177.750570038
-173.566275952
-237.858818016
-139.315754718
-154.778680294
-154.868233442
-181.44448452
-114.890336267
-116.302796968
-207.968611914
-196.275724432
-135.335941665
-243.221886861
-85.9682420882
-212.826346388
-309.334009471
-229.939042263
-161.262571776
-187.44364664
-84.7736689769
-92.0501385125
-132.542248459
-314.30001151
-242.479180318
-156.29788516
-166.794069459
-248.242141938
-160.971019717
-218.996772149
-113.188939556
-91.9554507027
-17.1113929404
-186.577215337
-156.708645743
-114.134439979
-235.979366931
-124.283188779
-77.0769997008
-83.3382801524
-227.78589839
-197.874719915
-183.583093772
-133.001527263
-167.876730845
-181.101585848
-154.093293771
-270.540709784
-194.274775625
-454.520551187
-151.804720642
-210.652189262
-69.4595432687
-181.023344818
-197.620166829
-245.419101197
-189.286723703
-164.16394429
-144.852366642
-22.6057093297
-154.379588845
-49.2351945285
-176.702620475
-118.362455928
-223.080937178
-189.555076757
-216.640142398
-130.579368828
-181.370267768
-226.050849596
-275.412849324
-251.81328417
-47.1474741048
-168.955113143
-149.697880561
-210.766780802
-110.807047071
-197.435986488
-91.5692082444
-112.896794527
-155.120177817
-236.107516464
-315.716135784
-181.002010403
-213.84303051
-103.330915549
-143.948980204
-162.522240504
-114.182944319
-110.337003006
-121.155481683
-195.107544691
-116.402365384
-130.475907806
-254.873122697
-166.102754813
-131.237434008
-118.883616852
-106.59264702
-201.307855861
-180.427927319
-119.457109343
-155.738101262
-167.018059574
-73.5111751158
-157.964299188
-225.932070221
-152.35314978
-155.057132077
-154.75204783
-66.5604594972
-238.63899728
-150.232479935
-188.431550771
-194.429456245
-111.865321672
-225.020704141
-158.424975827
-171.37301093
-264.378457909
-154.991311378
-125.83452323
-129.322205672
-157.106194102
-244.001685897
-126.526493819
-455.110477686
-124.390498144
-148.688743101
-72.773419278
-158.406772567
-128.355184759
-81.2076343044
-137.735023536
-89.5814848588
-40.7109997508
-233.200077675
-131.811294424
-193.134390305
-74.7609959361
-96.4441707147
-120.059560983
-120.154719626
-167.808079878
-63.3279340869
-167.080246753
-61.602088025
-125.31209042
-107.8812953
-232.815575237
-69.9483620533
-96.163530073
-242.935294016
-83.9860016916
-145.803091317
-87.8879905798
-160.416991415
-91.8566139611
-204.063178901
-98.5949970007
-168.367690799
-149.91957898
-176.823993985
-174.925329381
-160.882788692
-190.087711925
-61.8230763626
-146.796909162
-238.570753305
-283.821942544
-96.6519680523
-55.0107124737
-74.5052120048
-98.4477679506
-38.0192138865
-33.5907669996
-42.9006479752
-263.923013456
-104.882508621
-169.697282653
-251.860098671
-87.6032513721
-136.786700288
-159.108913918
-127.816113539
-134.795336406
-85.8653017195
-211.98104909
-185.846868837
-246.012384629
-95.4477977432
-186.217250398
-127.093188658
-144.233971606
-250.954102543
-158.112168072
-157.35782327
-184.530194523
-315.707756558
-39.8715927359
-175.354891022
-112.967951219
-46.9757163247
-354.472517916
-78.1721504841
-107.763794018
-120.723906254
-120.555393025
-139.604522875
-207.762417469
-194.297758076
-57.9828933246
-154.315096083
-133.121322935
-118.711871409
-107.565257436
-150.20132664
-108.066176828
-48.8451327757
-183.956039182
-293.316722679
-184.837923039
-64.9454537613
-145.40193659
-121.476257832
-222.22112291
-114.680249953
-121.052576133
-64.5360880301
-121.363544406
-250.149981055
-132.540876423
-113.962915588
-117.977974239
-201.018927545
-114.629582255
-117.904434022
-73.3017105073
-158.112168072
-103.847729735
-263.666698289
-267.572188064
-117.010205202
-210.062097716
-213.206672547
-209.335853553
-154.061727727
-165.241100647
-249.811628801
-179.358020919
-238.469813548
-206.00173892
-91.5393532842
-206.259931098
-76.9657417438
-209.779372346
-315.352347488
-182.375328172
-186.970837221
-95.9366872342
-283.727626108
-168.667845575
-212.000326189
-214.994989149
-233.849131498
-92.1497777945
-115.3087453
-213.522437357
-201.469367349
-206.134562782
-150.266011064
-102.173313831
-208.447289725
-111.243884171
-143.172056769
-172.597485484
-56.2987899193
-84.6929504182
-114.222118114
-93.2164931125
-147.124928648
-125.631876426
-108.017617676
-239.071546576
-202.524402158
-244.855490708
-122.2930177
-74.5460489557
-247.195843176
-200.260048519
-202.655337367
-92.8730861283
-134.229549839
-201.827692997
-228.827958977
-169.141413212
-150.274676134
-184.869914174
-234.613392081
-125.75921724
-241.145846985
-121.157451936
-243.442354876
-103.301427399
-188.79140574
-90.0286261738
-144.267850963
-389.086465166
-183.403446326
-157.711623451
-146.644278636
-165.166969839
-63.4897430292
-186.372008364
-104.281079856
-118.053030741
-59.7707116119
-128.576189807
-158.734250942
-173.951348838
-124.018808496
-147.262387006
-88.7951462678
-117.264019551
-96.641592341
-136.173306846
-134.625277154
-168.283844544
-87.8945187074
-60.1801103202
-80.1985473807
-267.556648756
-76.3030236692
-148.278620054
-170.859283994
-157.557825052
-128.108638549
-120.006191952
-108.682089852
-163.706805844
-180.932019799
-138.653155476
-147.960417757
-149.736208262
-206.716970939
-251.333766683
-179.630532188
-103.316965768
-143.779445448
-309.301919361
-115.455614731
-247.062420341
-101.658025932
-77.4103330341
-106.770971738
-185.097024473
-115.058066371
-128.67669657
-119.109672408
-288.878689933
-184.161239499
-258.159645154
-228.693387065
-117.066578069
-173.081849505
-112.812806812
-76.5365202855
-279.780525356
-209.150781834
-43.6349093297
-237.539652926
-150.235429389
-147.155492132
-98.677972492
-128.989550411
-57.379254643
-153.012782507
-89.020095595
-124.337813041
-173.033053004
-214.366141832
-166.028918934
-115.819972195
-150.960417757
-105.390122217
-53.8785990062
-221.149134193
-214.978511362
-293.845043512
-174.530337369
-81.8098733738
-210.094325162
-276.770610654
-151.311336954
-163.046113146
-92.7663330368
-89.2857725553
-63.8394655077
-245.720935993
-178.280824867
-178.190190317
-290.49683448
-150.426847111
-260.011697665
-67.1927839853
-149.512655479
-141.841426782
-157.304377334
-122.762766321
-149.300879412
-148.46605731
-158.914440402
-209.962840773
-156.749399562
-187.546178868
-290.356623687
-391.994472004
-133.649711422
-46.9265910926
-203.61543876
-311.515228793
-221.692176914
-129.964980496
-172.45808875
-203.757311885
-157.391001827
-124.704756521
-112.913451641
-85.8403977077
-132.582346537
-133.244870729
-167.297742314
-167.749556023
-207.708805158
-246.365231261
-169.591900739
-90.8164444611
-228.953398504
-172.727721042
-145.870302604
-84.8689520582
-53.8446649127
-109.12273255
-135.359318829
-82.8861462707
-161.929238442
-234.123687357
-128.035693682
-126.190342715
-110.382230004
-375.587812942
-198.486898915
-298.508570991
-370.522810098
-176.655582216
-58.9272261456
-50.8404134214
-166.921506626
-204.872188984
-160.360392036
-101.598342522
-150.72290459
-274.374743816
-215.594799407
-262.123856718
-181.038454257
-80.3429996359
-185.173784271
-163.556408422
-113.44267727
-219.856536268
-107.495184867
-147.086803522
-154.925104372
-249.93579914
-240.251905638
-456.153503863
-214.560033432
-313.445998654
-182.6063647
-296.609723707
-164.048344697
-226.85043498
-152.850973565
-118.52043299
-161.031365709
-305.85136196
-162.578710896
-93.4923815395
-225.159049974
-152.51240117
-185.442516388
-244.196514683
-188.637546176
-172.880864915
-55.7334957081
-172.004412709
-243.145846985
-359.103356018
-121.095774638
-95.9761185768
-292.721965576
-94.2550417938
-176.065017703
-289.342513012
-147.615124355
-64.0427118419
-61.1019995796
-126.992697146
-296.297232284
-303.585792734
-206.064943598
-342.46083882
-159.677609275
-119.372607763
-217.472576662
-181.283945327
-261.404903388
-176.317310228
-175.97213442
-186.001873689
-289.860540672
-198.922463694
-249.793184612
-103.963058434
-212.069077668
-73.7789797521
-197.653345387
-243.822720617
-109.112096349
-168.260381434
-172.77355555
-247.010696883
-148.628476315
-157.815955108
-95.1234206631
-66.5323109916
-343.345420659
-261.015811581
-305.068385606
-211.399695628
-210.289127667
-266.766434296
-101.647031693
-285.140863885
-242.391502183
-101.209291662
-106.763794018
-170.046504798
-44.8362793513
-263.234934441
-133.616379266
-190.816484504
-254.953694592
-92.8871897299
-139.277656952
-248.005110478
-193.799264579
-125.947720619
-189.889175344
-236.754558823
-92.1729882647
-174.264951891
-152.340141871
-133.698507121
-100.572252089
-130.356437872
-161.860695682
-70.2584288661
-260.430911912
-144.537975952
-153.67023312
-187.963205361
-158.196400518
-120.382087157
-137.466714139
-311.33032864
-99.0708900203
-82.4824643706
-80.2626913641
-94.0848342
-147.231148088
-62.6499516429
-146.348154263
-112.54693975
-103.711556293
-435.137578445
-240.544147336
-310.975019546
-131.918676131
-193.287501546
-101.306965188
-183.048063158
-51.4490869985
-158.032159173
-173.854728399
-162.967139617
-157.501705613
-56.0421459277
-116.598545787
-73.3370751838
-66.4923766353
-89.6463204102
-73.174402869
-140.526279725
-101.785265147
-131.940779246
-104.314930806
-153.173290456
-81.8599595657
-207.375838024
-90.021459302
-65.3053486847
-147.536969271
-88.3205604357
-66.6807974581
-131.924193345
-68.9961378542
-96.171106077
-115.8219237
-155.717238355
-169.055779363
-150.758129256
-163.619525473
-128.688518093
-407.809986001
-293.511710179
-294.867947378
-141.061156034
-225.927237031
-348.829384981
-246.837032903
-256.148141156
-39.2134030692
-25.603827142
-94.2095399693
-371.290768579
-162.517033117
-80.9245801629
-118.581351574
-171.107333439
-213.800612138
-172.983589057
-117.335696376
-131.283582931
-266.330068514
-35.4807863903
-185.976500481
-166.581906628
-192.20099526
-306.750835477
-128.216838926
-254.422857877
-97.9366218903
-219.01884391
-141.973477899
-193.353183349
-140.241638986
-101.820016688
-89.0928411998
-124.245969359
-136.923386988
-131.742069149
-107.804667113
-82.5236586569
-166.631075647
-214.051883455
-146.449291136
-161.929238442
-135.234815252
-113.52227289
-163.75462344
-216.43160757
-108.92774505
-119.083688791
-91.9373011542
-62.4897430292
-138.379691328
-150.112058279
-108.594411716
-293.874039748
-372.471321293
-106.545626206
-90.6002447125
-117.220412706
-174.019210748
-193.123610299
-252.464177557
-279.520208757
-246.703364387
-225.624411012
-168.229344966
-68.6776858229
-139.522425194
-76.6513631102
-119.801498297
-314.054118557
-192.427269137
-137.151388608
-117.324111513
-102.202542958
-70.6623108794
-47.1785965179
-53.1181962278
-67.7705687655
-79.047489838
-51.1999003938
-173.614004001
-58.7949399657
-162.285684443
-31.0012493653
-32.7630501049
-41.9486243471
-158.626941577
-213.026295103
-134.316744097
-112.922577121
-125.302987684
-139.845326421
-108.229288572
-146.814752077
-138.452730424
-177.465869704
-187.735951114
-218.038182274
-206.254142124
-74.9265959969
-157.513658243
-270.93967245
-120.74102569
-176.685896515
-83.3146303873
-149.66192649
-42.2694661119
-87.4436636731
-149.155405257
-124.209679306
-254.037184907
-206.695948674
-159.595921819
-79.2796028484
-164.444961284
-78.1074967489
-127.353214969
-135.548264717
-124.618313397
-260.896704247
-275.616182673
-160.262571776
-147.115957802
-65.8625238172
-72.7789797521
-193.97287111
-213.193525731
-181.904756241
-199.710281982
-182.954221038
-167.071718345
-130.994406328
-87.5488074421
-180.477829772
-44.6979335182
-43.7621485442
-63.5970523942
-210.628434969
-141.306811232
-159.626941577
-135.808588528
-83.4186850518
-123.108591223
-229.63486321
-74.4005706252
-91.1670579519
-116.982632763
-90.0963744595
-106.989106071
-70.9025275454
-56.0471083506
-138.811758418
-223.151594036
-336.665035171
-405.793682801
-69.2988895991
-189.736889452
-135.359318829
-115.715890347
-226.246377667
-215.620806096
-179.58270212
-84.8462476632
-116.386364074
-68.7705687655
-137.226419
-195.556672438
-134.48047045
-109.066090883
-207.497126077
-68.6828906302
-113.434594754
-132.081688825
-43.502946018
-84.5528988823
-73.0419151076
-119.022752987
-106.749838137
-102.598842156
-185.449085466
-63.7920398944
-152.591771039
-64.3848706815
-184.701718914
-184.668540356
-192.103696271
-182.894564324
-85.6232968601
-125.699923331
-112.308510158
-281.314129888
-110.205527856
-102.402519346
-33.3286396344
-174.179271841
-140.785502653
-115.677693343
-109.767455432
-212.572748351
-40.8011947581
-103.222906695
-132.616379266
-85.8689520582
-71.2444759666
-82.1875907423
-76.5622764965
-72.6574776895
-52.6502061627
-155.783130369
-254.961209283
-141.895381813
-189.104629692
-94.3094519101
-81.1094383271
-68.4112345949
-51.8592854558
-118.205304241
-30.8515936623
-50.3763076138
-60.6267548855
-194.389337284
-58.0632061689
-142.589676338
-34.0624461661
-164.585604991
-95.1144644099
-133.561879689
-212.8403599
-234.598594042
-55.1854541837
-102.987911951
-70.8097635812
-66.0976808174
-224.4182525
-104.910215098
-43.395636653
-45.1248648018
-60.1870698968
-94.2988192221
-131.231943238
-104.20636256
-53.4898858756
-137.087407405
-148.547738361
-150.965441869
-242.729922626
-241.875870696
-201.854601784
-103.155808388
-175.259707064
-128.493530592
-159.099191056
-109.121390801
-75.0030552491
-189.678835731
-241.789050542
-92.2064194616
-31.8846528783
-409.298540525
-216.62659507
-130.836350111
-230.43987571
-56.9262516574
-113.476438382
-126.078610514
-57.3162266579
-38.5554536151
-143.249940302
-151.562616758
-86.9232568639
-73.163177372
-102.014213034
-117.363950863
-75.4234335401
-71.220109352
-155.467267461
-29.6896653781
-151.127665231
-269.47494459
-99.4175025438
-247.097864545
-143.351850591
-132.632475171
-53.0124293286
-37.7755774319
-29.6896653781
-181.001183908
-125.578212467
-70.5826595
-48.4324128633
-110.705972573
-169.054524133
-136.127505887
-169.329170433
-179.840182168
-133.14110682
-193.762789579
-52.4493760642
-241.567915839
-130.727965547
-187.582048213
-224.521712059
-77.61916279
-124.595012763
-167.520425919
-194.811177514
-123.45471317
-177.763672595
-160.821929077
-147.871234454
-201.999614498
-172.880488642
-150.458856475
-162.414904549
-107.022996544
-154.720821035
-244.057818408
-126.637778053
-256.472650419
-117.903739598
-261.462232856
-79.1197435979
-231.78679866
-114.297435227
-59.7200439141
-245.44814385
-150.619811246
-58.827353279
-155.10289766
-161.479243691
-296.724131305
-78.7144311315
-180.023344818
-40.5584736118
-232.120940906
-233.026947612
-183.285743076
-186.226754006
-278.367636605
-90.7038212482
-211.449214131
-182.281916577
-51.9230726362
-154.372502869
-255.775304853
-153.229283425
-218.575927372
-97.0712693601
-73.0125939266
-323.733244335
-137.519405294
-162.833636506
-237.434810287
-254.481474489
-79.2670784468
-103.711429267
-361.323012748
-52.8833959185
-117.819298195
-49.6658927694
-98.3488993648
-248.385570363
-56.4750393392
-84.955746537
-51.3134900746
-305.342129517
-209.588314664
-45.3646001849
-148.759652876
-178.2963896
-135.594908137
-120.434864257
-279.994752435
-79.1758488474
-96.4872136107
-185.296327268
-54.0182067092
-81.9678504366
-259.953196468
-219.432970891
-150.930140003
-397.118747994
-199.800589108
-282.240849317
-114.617417821
-94.307223832
-355.033225905
-79.3632567062
-202.510272367
-194.852163828
-105.262960571
-138.299355295
-225.078803006
-176.530337369
-105.090411827
-284.486792106
-133.862120409
-105.384069903
-131.571912891
-119.450904117
-125.304297846
-55.1644509178
-240.278590056
-274.417603803
-162.773698397
-216.057731088
-112.41834165
-166.127421674
-34.223236942
-150.460998564
-128.281053952
-189.489862218
-78.8698704662
-163.245377563
-142.168465399
-97.444186961
-146.773408415
-120.577074658
-167.477581332
-113.232974068
-307.337166111
-91.9992442276
-169.016031727
-99.1828135059
-117.978502989
-143.894697652
-66.5604594972
-141.835132066
-142.501798733
-175.777407304
-192.293506585
-173.880864915
-59.8932318143
-33.9621821117
-141.321065613
-88.6386511734
-63.7408843748
-133.406658498
-257.75250373
-116.070224953
-343.840722645
-137.153952407
-128.814705344
-161.901087054
-53.6101292469
-173.106888884
-265.443916378
-57.1354935382
-104.731506838
-152.396783539
-60.0902886345
-138.593992662
-48.9863326133
-188.273001789
-157.806039327
-41.0331490393
-140.704359592
-58.7711540498
-256.718669469
-155.802418087
-140.199501867
-176.126169671
-169.121381762
-130.416309174
-188.77659099
-126.806546233
-117.809553734
-61.3824336643
-201.281051785
-111.919821249
-151.199627607
-200.089511599
-220.625126378
-66.3673815415
-151.544854411
-159.539263442
-192.786823638
-61.529405708
-146.059316135
-126.645718681
-69.9240383101
-73.9440851368
-105.989817986
-532.430921645
-69.6180437665
-180.51147622
-130.358029085
-61.3824336643
-99.5156104217
-133.512932559
-165.954788127
-91.7983419993
-62.5614307032
-241.74644772
-366.216185453
-142.394138926
-189.335384054
-216.135295532
-115.21886396
-80.154441943
-68.5278018318
-226.426466058
-209.386092924
-179.116888954
-140.757645848
-229.337684537
-247.660312337
-93.1208113594
-40.838161539
-146.041826995
-73.1861912535
-59.0533772474
-457.217787051
-270.116510689
-130.699495545
-66.2631796409
-115.272246392
-154.036638135
-219.805709856
-91.8926857708
-132.959141036
-277.963833388
-37.5065233928
-299.322487552
-34.850005628
-219.104290494
-234.635646767
-99.7154473581
-159.640783833
-86.3867833799
-112.85590273
-96.5044394104
-72.7789797521
-250.9445431
-200.472791544
-375.439299696
-123.528843977
-61.8309446489
-124.842778626
-96.8758165751
-249.188471551
-257.192605621
-119.479480741
-131.481124128
-46.4044900775
-187.709912217
-90.2068618995
-176.910061484
-116.524709907
-96.9055791395
-144.270218335
-103.684963145
-156.00348667
-63.1895882538
-51.4109417344
-434.514107171
-161.962950805
-167.785405826
-48.9024863577
-295.082131498
-46.1188694225
-34.0624461661
-70.9457662065
-105.020027432
-289.143206307
-133.430957105
-32.8338868746
-76.3616822663
-147.819147085
-66.9733204951
-43.853022411
-175.426673142
-83.4455035724
-167.409943528
-183.561230991
-354.073157991
-215.616679289
-86.9704145813
-134.922927622
-176.859035673
-169.627985036
-121.110881639
-84.8809135701
-113.094909749
-191.985203964
-86.0957347409
-55.0449662609
-390.399402357
-202.65696221
-206.416495362
-256.407144112
-535.359508228
-99.6822326981
-384.113398832
-184.775849721
-146.369927628
-168.49391612
-57.0215990295
-51.302668323
-35.0876472544
-163.605470448
-40.7336893407
-298.440255266
-117.463915027
-73.5139619712
-170.245234717
-196.336019225
-134.206174957
-129.334183487
-131.263902028
-47.3875754724
-134.734716699
-92.7973695049
-154.591771039
-344.966021562
-191.441763983
-90.1110716085
-97.3560276868
-134.854145849
-186.972513946
-124.249071119
-225.770751698
-74.9637163665
-205.222124265
-166.91305482
-204.434600906
-275.063280479
-202.197283004
-121.781627497
-77.446657009
-114.573681856
-248.643400853
-66.6364998489
-137.49146143
-60.1685849879
-126.793869555
-294.551808257
-285.550355192
-177.648637714
-102.15270473
-201.167042018
-238.98321271
-375.846264503
-196.095105019
-212.906081684
-145.901339072
-138.651549804
-151.408188777
-210.326138104
-159.852965545
-205.53297588
-66.6364998489
-236.512848014
-127.938099765
-233.745654013
-71.0156845436
-132.620403543
-238.044110284
-124.022321283
-209.299181483
-169.41622269
-187.800499136
-119.951737633
-78.1981513214
-137.658415899
-282.324768416
-174.622917619
-142.956283687
-154.565419759
-100.034846819
-113.396102349
-53.2411575123
-132.423533855
-132.795376305
-255.713231917
-254.381462037
-174.232064782
-237.24902228
-142.0341839
-51.6406035895
-60.0592019704
-148.932480661
-316.629951966
-283.482698745
-122.745080111
-183.832491388
-69.3666378848
-92.0121906757
-68.3089912385
-123.037119323
-133.497664663
-188.631130245
-264.777839534
-233.094627695
-90.2452130365
-117.665956544
-220.194363358
-100.564276809
-129.771287474
-43.5801616852
-250.501506204
-241.152752893
-290.004860474
-267.140369436
-108.029265441
-174.438043262
-169.535473711
-96.8847935572
-381.916152475
-74.3259680516
-161.309592589
-96.0884461269
-133.723688631
-165.297742314
-136.256391502
-156.258479994
-252.338765323
-111.377953087
-212.271288085
-123.187905698
-90.4186434628
-125.376489633
-145.430138392
-203.419397618
-254.749148697
-200.958560636
-264.821095445
-121.633716325
-175.021134419
-149.145430507
-282.712019156
-360.698652894
-99.9136951986
-166.876730845
-120.772062158
-95.7811310765
-138.97851353
-113.221260133
-78.0598054883
-76.3811787537
-153.454795332
-313.388877268
-117.009305634
-92.9103674582
-134.316078396
-128.143761761
-204.156103651
-208.994410443
-104.135025263
-136.025985496
-183.196232302
-127.883505593
-175.615308053
-391.682756151
-132.92624949
-35.9573149929
-49.9311066032
-321.605487978
-166.789488818
-383.884256316
-147.587636969
-133.918676131
-53.3121785328
-192.589431922
-104.592976733
-191.921094676
-208.186334095
-190.305261695
-285.582223859
-108.295432148
-167.738385012
-249.914336233
-166.640891519
-107.889252644
-217.519285705
-121.47220231
-72.6047778342
-140.034475606
-306.417502144
-80.9305149405
-226.386703267
-197.602972617
-212.319418055
-80.3573556543
-101.305055401
-59.9656991121
-77.4103330341
-113.773414235
-168.063187767
-342.187071073
-158.453816857
-44.502946018
-44.8362793513
-353.73952973
-102.377801006
-336.996630293
-200.636151175
-233.951647947
-348.96265272
-75.8956294431
-165.328153619
-111.464940583
-370.432938623
-170.276271185
-123.338568576
-191.128585021
-108.10793451
-201.785478004
-244.047202119
-227.206395804
-140.727822701
-126.198411448
-276.518042484
-167.48946846
-187.887569192
-51.9447216367
-364.122200874
-233.153367409
-143.460696374
-92.7726004977
-246.656973606
-288.264357928
-240.594063042
-152.925104372
-163.627333229
-212.558174559
-55.8521208503
-171.919983899
-56.9262516574
-228.137464457
-263.45128635
-67.0608077599
-68.6322229324
-162.353840433
-99.2770070507
-225.203003003
-138.037692925
-122.212704856
-46.5718489221
-115.864563654
-219.343861791
-90.0286261738
-87.9719845067
-225.022813542
-122.74102569
-156.939338279
-240.859534465
-79.025608764
-141.427962853
-45.9755802333
-129.70779888
-80.5814062723
-261.235871152
-227.970078731
-294.501259723
-291.788401845
-230.264704435
-256.915029005
-226.001468931
-122.74102569
-189.26448048
-231.258064091
-206.152621733
-281.576386906
-227.140593891
-218.43086149
-222.409740803
-109.867640246
-230.615231981
-235.451583139
-245.00715071
-229.79348727
-206.826322338
-89.6952928405
-63.0245862722
-98.6464539385
-77.4044744929
-127.906804119
-165.215099809
-250.573871979
-186.832491388
-247.907651533
-115.157903088
-195.537524325
-168.947214768
-264.152275226
-116.248018241
-71.5098614447
-112.039305906
-238.305663947
-141.306811232
-180.573265014
-92.6453336859
-115.329427479
-112.896794527
-106.087647957
-185.580211709
-99.5722520888
-172.019210748
-223.659724396
-76.2364945223
-69.4104169117
-37.6937994481
-192.347423608
-100.572252089
-196.476802076
-212.735744334
-186.230039748
-69.8778781305
-211.076651026
-134.025985496
-163.307611134
-183.148981753
-110.867781515
-191.224297103
-254.209028152
-125.241901425
-202.639535047
-184.345413988
-190.059606497
-162.245377563
-365.928440778
-115.507220767
-137.742626593
-334.247152029
-202.20453361
-55.3979308239
-138.037692925
-146.536969271
-199.182157737
-152.106205488
-237.598536547
-223.853062303
-306.866618471
-129.18791186
-603.122472709
-221.711150808
-134.304789608
-140.640144566
-301.169340981
-157.190575795
-143.28961702
-170.752037461
-84.0715129172
-105.404143571
-238.453175609
-169.458746446
-157.880170134
-137.869481687
-87.7595078665
-201.557743451
-47.1386621615
-68.9053655172
-159.648014757
-630.171894801
-136.822859556
-75.3182915657
-108.203969434
-51.6763171776
-244.480358966
-156.075157634
-48.748371953
-96.2019973334
-139.34865486
-80.9482192069
-153.647640743
-443.260076677
-252.474218022
-192.867661926
-318.119384708
-171.047545883
-115.341688716
-77.714404176
-81.4733446909
-115.304533572
-158.856298472
-98.8592850823
-109.789399217
-75.4920372001
-115.558647179
-60.5642287968
-219.868158347
-187.549475311
-132.651278392
-165.083123584
-138.207415892
-137.960718037
-150.848831475
-259.064510674
-193.779983791
-105.384069903
-92.678098628
-117.765809971
-266.290169906
-134.578017406
-142.177780336
-100.408837474
-116.254721957
-106.851472153
-188.882738345
-161.153539932
-92.1497777945
-160.262571776
-102.766879957
-150.321714393
-216.473413128
-285.656729101
-204.945231729
-281.281900818
-165.02775937
-137.244238465
-79.8098733738
-374.564409978
-252.487860807
-214.916834064
-224.637298218
-249.118475134
-281.286815353
-219.932373373
-170.658063525
-204.120168022
-117.110965994
-139.046357995
-159.682804669
-81.8426794082
-222.477585267
-367.037542735
-149.555644074
-194.39882805
-94.0366330498
-97.8973383297
-237.96654164
-202.168860161
-230.087944541
-114.50961694
-115.43094787
-227.761151173
-75.000726804
-104.349873179
-280.959237737
-178.58270212
-130.933944028
-143.973563844
-33.2512507145
-314.711549361
-241.162150185
-165.85393387
-141.061156034
-58.0489148639
-98.4573630824
-125.635644197
-147.8715923
-124.625020488
-93.7242601463
-145.664113232
-345.187648827
-116.748334881
-334.669756294
-140.306811232
-53.4898858756
-225.729578287
-257.197369174
-186.894780098
-161.262571776
-220.236206986
-221.661765608
-163.773698397
-152.289474174
-190.612483678
-97.7605513257
-118.52043299
-141.495078683
-210.433447469
-124.983070106
-349.256463801
-225.354037474
-167.74495409
-140.199501867
-122.300382991
-115.070224953
-76.0769997008
-120.382087157
-94.8377727437
-113.680249953
-120.684384023
-109.015423185
-133.930851423
-116.598545787
-70.3320681569
-214.615046356
-83.219479604
-138.181979184
-126.521017979
-101.92361098
-172.685877415
-121.879371523
-214.055179898
-96.6008287135
-68.0297712917
-52.4487159428
-224.081828556
-76.8145927282
-267.389607113
-353.792189408
-171.856234204
-43.4552933667
-123.185536417
-35.4634121466
-198.458357887
-146.67068683
-383.169318886
-122.641526031
-91.3447652947
-92.2064194616
-150.822071924
-117.425298918
-90.6952928405
-220.666042525
-267.92721981
-180.414153528
-220.145620067
-196.255797028
-198.884943814
-270.600643364
-335.315687673
-85.3898363933
-74.3783453137
-306.154502971
-35.79674548
-122.252152311
-114.808916352
-189.010284676
-176.003808184
-375.623193735
-339.270126776
-95.9019877697
-287.035896942
-142.215486213
-259.703684366
-98.5290888252
-44.8362793513
-72.7654008368
-158.677609275
-135.497664663
-43.0997948961
-118.109672408
-56.8755839596
-86.5753763204
-228.01063825
-255.619820322
-73.2821167468
-78.148242338
-160.157816849
-112.337000838
-226.234436011
-165.678096461
-122.593059003
-195.83982119
-238.602171838
-132.805392797
-165.610074375
-183.867804773
-176.913039192
-181.150184226
-80.2855768177
-262.918805943
-185.109183054
-117.705941097
-278.21597661
-47.5423934727
-90.9291265155
-140.751169004
-122.352005738
-172.231055551
-136.371622355
-160.075482721
-48.1171050876
-254.719341047
-86.0639395584
-60.2990324454
-107.604812674
-150.61054054
-140.384756998
-48.8130276342
-138.537112117
-195.178977444
-149.588592018
-63.7101165126
-213.880460157
-153.790349909
-85.8957116099
-244.480971966
-150.045619715
-160.067584275
-163.369684296
-112.300525838
-158.464050514
-318.967983802
-426.415153867
-147.829645282
-216.468267565
-161.666389032
-127.776196228
-198.98667872
-94.9761352871
-153.95112192
-45.6094621405
-240.751335532
-90.5510589831
-67.2960469359
-67.5935433687
-52.3124598973
-163.15425813
-130.954545789
-116.85804324
-71.1198864442
-168.405051679
-161.994718077
-188.231531053
-76.822813924
-57.0659803849
-101.465970658
-85.4308060533
-219.104248206
-196.554045768
-180.023344818
-120.684384023
-71.7789797521
-132.12990206
-217.386271695
-145.194333939
-61.7736124159
-119.343950894
-126.945970181
-150.910306332
-80.9418495993
-412.076348436
-153.535129372
-187.824567587
-276.236003951
-158.353000938
-144.085333683
-260.473374754
-243.402673194
-200.896691288
-331.357533331
-214.107263252
-157.326321426
-116.510341275
-293.977019738
-129.076566777
-156.880170134
-122.576183645
-547.480931849
-164.217637537
-110.317369608
-105.234805733
-286.89666425
-203.171783564
-213.091049556
-147.347269277
-137.878343826
-166.736458696
-168.028918934
-273.051425106
-110.022895833
-172.150351593
-352.211208896
-166.015076678
-319.657622062
-136.613871916
-222.587634801
-192.503555465
-159.270145134
-98.4872451979
-171.44629062
-93.30477842
-131.77939196
-23.6723551866
-112.973552004
-225.978001453
-197.158748135
-105.794830486
-259.162186499
-249.200648753
-130.101221775
-98.8238749736
-162.622109935
-103.855749069
-154.752948143
-142.967705772
-92.8323227828
-191.916074632
-333.2475488
-141.903933706
-70.9732255026
-56.6805964594
-92.7605990067
-157.944506339
-176.072394435
-206.202793708
-253.844063702
-85.5370960872
-66.5495629823
-146.836773604
-261.381824688
-256.64293299
-323.086436486
-160.986309305
-192.20099526
-250.137213831
-150.132995789
-190.405276687
-239.947816555
-183.02812506
-120.365820425
-309.336553591
-178.300036485
-131.766900391
-158.878082923
-127.873884739
-153.450795294
-243.674214626
-90.742313654
-78.3701181503
-100.249488375
-158.846595938
-72.5839922518
-103.855749069
-49.5070800881
-69.9345197976
-124.255448753
-93.9404968858
-94.235321103
-133.017200261
-27.8508798268
-84.4789770577
-66.735556942
-96.4447071323
-112.300525838
-57.1212391577
-53.6848733758
-110.285727798
-166.70639276
-51.5070800881
-79.726472155
-218.155293297
-122.390498144
-61.0391845498
-40.9286768409
-89.1801468116
-152.406056187
-135.07300631
-84.382474852
-106.020142539
-91.2064194616
-53.7184943716
-119.276919882
-47.1784661091
-112.686557117
-82.8861462707
-150.288535835
-128.524609349
-90.6952928405
-128.746568362
-181.696580563
-275.872393549
-122.339844019
-150.335594717
-164.210659287
-152.27500008
-302.435638762
-155.153533771
-108.261078383
-166.878840247
-137.882406962
-1086.38345097
-177.482865403
-263.172091451
-378.911900983
-368.03539819
-105.087647957
-350.449408157
-350.386148723
-233.782106932
-289.187682896
-163.225635156
-291.051256125
-244.80937584
-158.465132635
-41.7319850329
-63.608965329
-251.708799139
-209.941156056
-238.112950286
-136.526678957
-224.82656995
-262.013929393
-170.340685473
-144.261876994
-111.221581697
-170.801595757
-66.6364998489
-75.2626852022
-81.0937427605
-54.8688684353
-75.7005720285
-288.525651738
-246.034458857
-393.874296547
-140.101732016
-342.190902953
-172.487561885
-230.363688758
-195.111680591
-186.711284253
-158.734250942
-273.593730127
-164.28385593
-117.710106643
-306.526179642
-309.994094503
-136.824277946
-88.8978536996
-77.7436663675
-63.8562549204
-206.666186815
-48.7331040565
-58.4218516041
-87.9883816497
-134.359318829
-155.551952789
-90.3156110143
-103.90507089
-58.5240781761
-87.0949928739
-90.588182946
-123.302037053
-145.934587545
-164.847576565
-99.7732072758
-149.469663634
-64.2637190609
-59.7003136341
-242.416359538
-284.526189446
-225.071021397
-138.217882385
-241.17516402
-81.6112672931
-305.287980381
-204.593905986
-183.663226508
-130.709911327
-119.220278215
-111.438871671
-136.132944419
-98.1081462812
-58.593873373
-52.9297079819
-59.1382195613
-146.834641014
-244.775577032
-108.594411716
-148.657338142
-139.566013759
-63.8565498479
-56.8297494517
-100.128734181
-257.588857672
-274.481818829
-63.3633101309
-177.495023985
-142.869053197
-169.1476408
-121.212704856
-289.204467361
-147.310945302
-223.991452057
-221.151825293
-273.199644709
-137.590959545
-287.765056157
-161.340925175
-102.688248956
-96.9899608324
-119.943586549
-257.404139236
-157.783667928
-259.100107064
-153.144459948
-108.766322298
-117.202367554
-249.126517946
-152.042096497
-223.24075414
-131.553763629
-232.496517377
-175.298785773
-288.6613596
-163.645568526
-226.2509796
-65.8625238172
-261.378299194
-80.1372327378
-208.40784227
-134.359318829
-257.267810808
-83.6911587704
-139.150530627
-141.158844546
-180.011412395
-197.986086788
-202.582812232
-213.790312101
-125.807232696
-185.592782949
-82.2347475005
-220.999375858
-216.340601405
-133.635632793
-80.4781457126
-200.354646174
-99.5642768091
-182.171983826
-178.929877709
-45.6066084986
-181.55500971
-165.932416728
-77.9856746812
-100.785265147
-281.754583384
-231.797858458
-152.064441381
-147.670296183
-187.68744862
-174.784726562
-174.668683202
-95.7811310765
-212.482858546
-135.319532602
-244.628697163
-167.573734713
-229.281898647
-163.907767313
-55.6347619515
-124.963959047
-268.308597385
-71.5098614447
-156.769564327
-125.978757087
-219.846231985
-215.460669093
-204.74545252
-152.925104372
-214.721846564
-228.470912178
-147.847580764
-173.272856846
-486.570493901
-257.171981658
-169.9161783
-128.004372922
-303.840271717
-155.369228508
-224.632171091
-53.2415594332
-42.1855273847
-112.427138817
-89.7595078665
-106.276993083
-51.5070800881
-130.792040215
-131.01767495
-134.918676131
-94.0234582451
-104.368505169
-162.99619744
-164.430531718
-125.712098623
-114.778735247
-132.64910976
-183.155487419
-254.229596993
-70.4061989641
-175.36144197
-192.471463046
-155.416832309
-118.895286223
-204.121460105
-85.7422440087
-196.710860011
-137.749336118
-136.008791284
-130.476505272
-173.029026621
-71.406284909
-118.991716519
-103.365510015
-46.9051822555
-135.837401161
-187.3432749
-123.11050576
-167.052753851
-89.002657938
-135.587976404
-42.2835421904
-132.564031363
-75.7819131576
-147.279149639
-87.1611933097
-153.396783539
-105.778947018
-104.762995963
-96.7410565344
-77.7436663675
-45.0312668516
-64.4587065611
-74.7747028356
-82.28369463
-134.830997996
-55.5606311444
-100.951098366
-51.1737467547
-116.598545787
-100.123634111
-204.683957613
-96.8688515003
-275.260897673
-218.726816253
-215.884610555
-160.821929077
-353.480327204
-115.659735263
-200.413959086
-213.735744334
-183.604680291
-188.255447877
-175.029503923
-169.965710166
-73.7789797521
-148.310945302
-149.822071924
-115.73689162
-110.709065177
-197.636470029
-113.12910254
-181.023344818
-63.5514903256
-118.177183876
-132.645283144
-109.789399217
-95.4477977432
-153.443804352
-76.7436663675
-76.5101864614
-90.9683376224
-140.805977786
-115.353950558
-85.1174577457
-187.499158055
-147.46246594
-104.583299396
-203.661697405
-47.4370085139
-104.070336212
-329.589318703
-151.225614108
-195.512857464
-86.4240324434
-193.20099526
-109.261078383
-51.957434254
-98.968194776
-51.8227666581
-124.32800512
-84.4048462506
-136.07106369
-235.128572943
-164.010713345
-168.164593523
-166.102754813
-103.750364111
-211.054279628
-139.820334026
-227.463291859
-183.562836663
-164.217637537
-103.601170751
-203.095980066
-110.814117556
-163.364324712
-200.164440421
-205.100231557
-112.065551463
-71.7677982432
-91.0540727143
-198.747890549
-153.313790592
-212.636612217
-61.4739744576
-48.5117994424
-83.463916174
-59.5684878114
-79.4502229267
-49.643456131
-146.499608391
-142.961321707
-246.547732356
-66.2218175972
-21.5853996635
-92.806677762
-28.6600200613
-24.7584153598
-101.360208242
-144.931461175
-57.1825660137
-42.1440074856
-56.6805964594
-59.4884542488
-230.07967778
-101.833044674
-107.749017493
-63.632247882
-185.008581637
-41.7600064545
-101.727909684
-134.003259752
-181.706336773
-286.050312182
-58.5250564138
-168.710171471
-103.3360979
-40.8332364215
-109.506383139
-188.564426723
-187.499158055
-241.755204534
-105.994651176
-267.037591973
-223.477585267
-277.987296497
-148.215913967
-101.918054551
-47.0140726391
-94.2051575917
-43.8362793513
-167.603630549
-120.792617561
-147.252377319
-96.9716069545
-234.217098952
-142.285270534
-341.237211025
-254.891300878
-162.582007339
-212.828500389
-96.8377727437
-100.359890345
-148.953798418
-281.141183632
-165.235126677
-185.603545706
-129.81662708
-245.668896259
-82.5680808339
-47.875726806
-179.105048984
-100.043931255
-141.860695006
-250.929572947
-132.717234996
-252.437712699
-187.509927145
-157.902965792
-248.58030746
-166.96440898
-225.175571336
-109.321937998
-114.445401914
-103.31358598
-260.890366924
-92.2064194616
-170.967042586
-231.301529877
-179.495023985
-252.086057213
-233.673048795
-165.096780844
-135.164331329
-142.016943106
-139.704359592
-162.079845512
-139.070470971
-88.5053409711
-95.2021425452
-169.108629651
-215.370533629
-107.399424216
-104.522415736
-70.0163826782
-219.349903404
-70.9345197976
-117.270604788
-126.800863088
-139.214769764
-133.692652163
-136.025985496
-155.038651047
-190.90678091
-106.599447347
-205.017290946
-57.5422506263
-135.692652163
-237.110676447
-62.3454232268
-113.598705496
-149.371178339
-165.940769936
-83.8861462707
-148.755514475
-323.20689503
-198.060809527
-149.822071924
-174.892902337
-128.883505593
-294.434560735
-176.998630997
-177.19272712
-158.149288441
-104.189082403
-138.825897434
-236.578491045
-106.839805934
-155.357286852
-71.0022680833
-192.328850596
-221.107432675
-188.727268599
-190.415273132
-200.420164968
-605.95250657
-151.751532486
-176.859393786
-207.6888277
-183.342679671
-200.114165454
-190.004864397
-98.960499731
-343.584111436
-162.14350673
-185.086347378
-173.092090273
-105.200073383
-91.2722979968
-202.479981097
-152.90478668
-48.7952629377
-79.6164915457
-177.391991536
-231.269284986
-206.219298596
-105.209472347
-187.046223259
-158.651590992
-174.798204965
-245.177275105
-162.114605089
-104.158045935
-161.063091572
-206.780294587
-341.918675731
-404.955964354
-52.8788826383
-559.187130752
-145.608693047
-178.028150925
-96.2381709178
-170.852351359
-202.039820667
-168.55965275
-256.87144949
-129.226153863
-144.491683203
-209.908127415
-198.885870797
-330.394566683
-294.918403275
-115.681205001
-334.767665249
-337.267155782
-175.418751088
-188.815297176
-147.644278636
-171.237285803
-189.98637653
-146.691618304
-241.234728871
-66.7781421244
-256.769128981
-178.606007185
-329.490137391
-62.7772418547
-165.056920306
-133.370425448
-209.508655693
-247.696035696
-91.6837757602
-67.1337375096
-71.7302204051
-105.360642896
-113.104130104
-142.121309918
-133.38593071
-53.9644658461
-122.441362431
-148.024001434
-68.6628045209
-64.9298463075
-123.800517172
-162.630532947
-116.803098626
-121.459616391
-343.878187521
-126.857900394
-88.5313418084
-94.1295429523
-60.7208026284
-116.604356281
-348.85338439
-124.730108306
-140.199501867
-143.180888984
-287.273603226
-164.523766282
-274.604887606
-51.4554734534
-45.7225829331
-53.9644658461
-36.9499764245
-37.8321452812
-56.8750961378
-120.764648509
-53.7779900432
-72.7789797521
-62.3516671901
-89.3187668623
-40.5265265484
-71.9173255851
-69.5445447971
-117.591062295
-74.3887521126
-54.9355243055
-152.691307998
-29.910810799
-58.1995652403
-43.1311202789
-38.999811387
-64.9889950138
-53.2577158019
-26.6545807848
-78.0826094094
-38.3739151371
-30.5080492713
-46.2907643053
-114.382639879
-58.0646713083
-40.2821588312
-83.2971778533
-48.3399568602
-58.4754600573
-116.711258867
-90.1669720069
-73.8564070016
-85.2448877332
-78.2968204368
-281.746483944
-170.656625332
-87.7330116551
-251.109323733
-184.368385581
-157.686881923
-245.402253828
-172.430910325
-121.949855446
-205.94044002
-135.522314077
-74.0782194803
-196.023045747
-201.881361336
-119.577074658
-227.374409972
-98.8114187857
-375.056842159
-183.094418946
-130.384751908
-178.017913561
-242.304495945
-249.013557466
-420.469297094
-190.952375956
-357.21370995
-257.708123891
-294.491770796
-200.30655067
-87.0571578972
-89.6952928405
-142.770566598
-151.318590304
-170.48843078
-85.8619889539
-284.348691085
-230.578221543
-172.467674324
-162.997051121
-258.540693162
-86.314455873
-85.9904338776
-135.842936618
-148.853209484
-122.490351571
-118.395217498
-269.110503241
-75.8078813935
-146.073259484
-181.740414686
-109.34073825
-163.073954265
-163.418565463
-74.7596011969
-114.11206858
-161.400831173
-196.591012549
-240.327404578
-111.226837469
-318.832142714
-135.878018809
-41.0208146528
-176.277744438
-88.635004289
-76.7681894463
-195.245344829
-110.237250985
-106.520280909
-200.762850098
-196.59102414
-46.3671262714
-64.7861518701
-58.53195396
-47.3283310162
-120.738533158
-199.571936149
-99.4829682814
-133.499293406
-217.054324987
-214.064745237
-111.947603563
-66.0775849851
-55.6495599913
-84.7693997999
-200.150816327
-143.689374577
-95.2788745902
-72.8982506289
-74.9024790488
-90.2174801334
-136.639206227
-240.755871985
-194.715418323
-137.900139229
-122.559880445
-258.708631886
-150.738286327
-155.02304298
-83.5998337508
-182.416861957
-163.419509519
-139.898296142
-86.7753301128
-190.465020795
-314.193702975
-130.601532649
-111.105538338
-104.079604667
-201.17413515
-167.544390385
-144.669341135
-258.727215551
-201.777914629
-434.208549269
-215.771327221
-114.257657535
-190.010813059
-131.673825174
-141.166482024
-103.341531837
-145.054752939
-218.680493923
-218.239464396
-241.010516198
-135.763136086
-72.6241617518
-178.385601314
-129.56094135
-228.561633372
-135.025985496
-213.082919923
-164.214282126
-287.171180628
-151.986450074
-134.316519418
-211.976787921
-129.426743881
-99.3661358657
-169.975258428
-264.448786478
-155.552777226
-64.645736717
-178.349222214
-258.440372131
-215.536506869
-129.117382859
-108.682089852
-102.233567149
-247.715724675
-228.743838812
-119.541674856
-72.9173255851
-136.76006292
-182.19596514
-243.786616219
-243.832908465
-408.7169613
-134.228841283
-92.5397527949
-94.0209973006
-188.40476468
-140.017212387
-184.766228867
-209.991082293
-130.505238021
-89.6682963198
-195.083064214
-147.038053775
-187.37590455
-86.0707997937
-183.17142967
-119.048753824
-296.139536816
-189.08930554
-208.243565598
-154.622268087
-49.6454259212
-186.513000311
-158.858981803
-245.179935403
-147.731973481
-202.512008087
-93.6480334455
-164.940945871
-256.327875355
-124.060461253
-247.736542945
-115.562162782
-83.4455035724
-162.368527751
-262.366543514
-106.066090883
-218.706347495
-102.539122127
-142.98464891
-198.141162271
-181.370520407
-190.554223163
-230.332566345
-255.554799975
-104.716424999
-161.392505986
-192.85243018
-129.711640968
-70.4710178789
-199.653821714
-365.92369546
-148.830831049
-142.793128867
-140.486486708
-368.023390906
-280.665246309
-264.674823933
-642.004548998
-345.808020752
-335.696035537
-290.639694697
-185.548424361
-153.720692607
-151.564375708
-93.1322296857
-122.212704856
-140.445157065
-335.517311726
-306.130977807
-101.553199565
-80.83881954
-276.826340878
-208.823792635
-223.408723642
-38.8887869484
-230.215732851
-208.616377098
-242.196514683
-268.504611101
-262.39214145
-161.973541343
-304.911313213
-89.2639650787
-194.61236045
-176.20564261
-117.746458374
-185.442516388
-207.651276225
-143.225989252
-140.583153872
-351.263286729
-172.611746608
-233.167435535
-233.383592468
-357.442497481
-104.506647164
-226.317820298
-196.591806968
-221.477585267
-237.734543702
-244.793596961
-117.641289684
-34.5907669996
-201.123467452
-269.23676204
-199.216573085
-108.923240184
-75.6072027221
-222.284940388
-188.676951343
-180.397374554
-94.3736669361
-236.923531808
-123.961778099
-105.127496368
-82.1968477329
-197.396252262
-94.3094519101
-280.688808685
-233.004966185
-87.9783314562
-122.920872163
-227.004583615
-160.89724619
-297.958880007
-99.7336591103
-166.397049054
-139.624566902
-428.626309331
-130.814665445
-160.014657682
-220.275640299
-187.444527154
-74.3356658094
-158.846061514
-168.897103344
-125.263143291
-113.812695118
-238.15769726
-122.805535643
-103.693940127
-151.329862737
-202.968281139
-46.4350841077
-342.303211915
-101.677955782
-250.586202868
-136.025985496
-332.208331152
-110.463099822
-59.1606866124
-487.986361956
-484.84965294
-95.3094519101
-349.296762753
-365.900542232
-272.092468291
-385.052953163
-78.9214596552
-50.5862276446
-246.314757233
-123.788046503
-184.666556981
-46.8190851388
-112.842950273
-65.5798581817
-85.3248055939
-140.746498147
-140.723506279
-105.670306859
-222.016199275
-96.171106077
-102.130511415
-148.839308425
-190.084162844
-30.1438554045
-415.854082983
-146.375160328
-119.412784042
-54.555697166
-132.33371363
-76.0203580337
-210.735454724
-29.4836728587
-255.822151918
-217.965684497
-229.346113673
-218.935461013
-311.387993273
-31.8846528783
-121.540709022
-211.408233922
-127.788362337
-69.2047904506
-375.521496717
-223.666084813
-80.7377559626
-271.861082806
-376.210333281
-145.813660937
-307.248834278
-296.003576113
-166.465773192
-112.116804545
-135.867891627
-95.3853839493
-25.603827142
-322.925275864
-186.442516388
-219.44476167
-136.359404774
-134.478505569
-85.6265933025
-344.525000905
-24.668042168
-147.972282802
-159.131799301
-321.774026828
-117.536275781
-120.635158275
-260.11104617
-254.152959946
-109.12273255
-259.050684728
-62.5404107271
-86.7369657246
-27.6517515966
-127.702858418
-281.089608291
-168.772617212
-29.3767988929
-123.381857894
-144.707555323
-274.771624026
-190.493837352
-132.198382844
-109.346851398
-232.022174723
-263.418901002
-167.530882636
-117.130389476
-266.723339957
-155.400978814
-273.31190011
-240.172396033
-116.265212453
-86.5650573829
-100.200302646
-153.730116872
-252.3919304
-176.592570941
-133.142301599
-159.326786801
-164.732251471
-358.995867111
-111.303154829
-180.485171792
-130.394632214
-259.914193387
-197.394142861
-196.91089734
-76.6381582346
-98.0466024996
-60.4096382528
-342.202711493
-34.5203690218
-80.3534621039
-201.696525671
-110.459547321
-155.933272832
-167.868807044
-148.36452228
-147.557171026
-135.70562968
-188.076163211
-132.528701131
-270.778627889
-123.136404406
-273.88212306
-218.255053459
-228.071976445
-229.194220512
-222.698776046
-232.210963572
-129.437980066
-208.881663526
-48.002339785
-249.149981055
-143.492502896
-147.283494406
-109.938146008
-35.4050499111
-217.810204335
-368.49980096
-156.948846075
-127.280003003
-110.613692504
-117.705941097
-159.872596775
-120.941416905
-134.797468996
-131.244984046
-238.547672261
-125.519253213
-76.4843042699
-253.293145528
-521.286634596
-86.5053409711
-183.394863736
-422.949161082
-176.644775056
-145.946692922
-151.226745634
-150.418340612
-267.489742629
-258.251803636
-255.248819932
-298.567760894
-207.089593012
-172.467221782
-169.7211908
-42.2128244448
-49.5544197564
-72.0833967042
-197.049381908
-47.0972234552
-169.328306729
-50.0429742805
-158.835134708
-135.460263397
-136.756953134
-120.042354028
-182.3392313
-182.796079396
-115.01755339
-75.9015465048
-121.805240716
-98.6657605309
-92.999863545
-67.4908808383
-73.7483857218
-192.79373059
-203.078231515
-170.139129103
-104.972758411
-199.804319616
-150.28047936
-455.522817886
-32.153170341
-89.2639650787
-780.027980613
-161.603662134
-108.204436716
-171.953745011
-194.607315749
-240.006539625
-173.754343932
-81.7818519522
-134.948499278
-320.923268164
-221.260030668
-123.104391211
-79.3730933336
-98.7264022361
-196.827329621
-80.5365226748
-87.7415972052
-148.153098937
-105.257103028
-139.842705425
-183.388539325
-64.6625089489
-71.2615104369
-111.979154016
-202.59275669
-213.882123899
-268.189433396
-228.063742965
-189.811020259
-192.039481245
-154.19662811
-321.692165284
-221.523419775
-284.678355897
-392.012619252
-66.5091449959
-60.8827330763
-190.675689473
-112.572940588
-79.4198983733
-174.769373229
-227.21861556
-153.925104372
-125.103555592
-73.0082018569
-41.7616121266
-114.839399928
-58.4638874275
-162.400610788
-112.922577121
-141.714115801
-37.4790824123
-62.2111876161
-55.372184276
-145.666452965
-203.741898478
-166.135933371
-131.572221236
-29.9169669154
-79.3453860523
-126.147135108
-53.428299841
-60.4071005248
-142.315016126
-27.3040585574
-112.74192725
-76.6460555459
-49.5250421915
-86.3218149674
-191.471786774
-157.603478468
-44.1696126847
-244.031465881
-111.888150057
-37.0999145711
-24.370347236
-77.6209937272
-50.6454259212
-351.443022562
-45.5917152935
-28.6834440966
-158.762367285
-44.1696126847
-93.5206778387
-87.1103303398
-236.186352969
-222.178084829
-123.880462663
-66.6369422868
-42.2648641788
-80.2270529628
-218.609141679
-133.783345345
-126.02657078
-150.614858593
-196.956515209
-387.651923773
-131.865049511
-156.759973562
-110.558142548
-74.3587269978
-150.436809023
-156.436989708
-193.495334781
-96.9690542907
-211.961768303
-242.579033746
-193.697553628
-138.172606929
-213.635779065
-209.437724386
-292.769540669
-299.193681927
-124.114248916
-228.670597955
-59.1633156038
-74.073956771
-237.782720964
-61.8079747239
-111.791190865
-297.31711433
-427.301386996
-273.238600648
-187.193214305
-126.605875588
-177.300036485
-324.377723424
-341.140837126
-234.672293259
-57.0364341281
-39.8839646167
-58.456517511
-79.2335868709
-140.408568243
-46.7762596008
-34.4087972354
-224.628623066
-282.195309794
-242.497883116
-270.816944554
-129.695552032
-148.941160676
-156.378290118
-265.267667962
-168.640558646
-91.6590236718
-163.878543056
-273.694322013
-127.996332172
-128.589377188
-143.885885709
-85.4922028055
-185.973427762
-72.1390726371
-77.2981408401
-106.052001759
-141.933225377
-205.139927714
-116.586943478
-154.076755749
-67.2614951761
-92.7380367376
-138.802817803
-167.862833075
-110.552408518
-151.608981962
-207.582344369
-146.554107969
-142.906058427
-141.33282878
-138.509372091
-70.160543766
-144.043439847
-140.640144566
-99.2959778293
-225.465273313
-139.633152703
-87.7466324353
-97.3598390804
-114.424025135
-203.479981097
-158.473283719
-213.38784578
-109.567301723
-120.626587522
-178.721047953
-82.5236586569
-69.0343732249
-146.14699427
-332.041784672
-359.982423726
-215.953707122
-175.598285225
-225.450380108
-149.17842239
-175.361208581
-292.148092369
-140.600647879
-173.238869919
-179.979127488
-137.773506952
-180.716743498
-197.525075045
-174.668683202
-111.364740864
-73.7789797521
-92.1497777945
-274.88443823
-97.2638952182
-85.918273879
-128.402205573
-232.082911505
-113.545830594
-312.820435285
-227.98707443
-124.252152311
-147.211108586
-455.710656533
-108.204436716
-31.160768791
-239.757042257
-160.824808532
-233.24597935
-186.355451758
-58.3867105807
-88.9114048305
-54.174837895
-171.073804921
-138.647717925
-94.6641390895
-245.402252392
-136.2917571
-143.578642155
-106.968917219
-157.833602963
-115.443448179
-212.900433298
-57.4369676515
-14.5751279748
-210.352155652
-55.2394659393
-146.180172828
-167.045883883
-39.3168323558
-159.742995135
-206.556995262
-142.445898334
-147.374221392
-84.097340413
-209.574140243
-189.47183666
-127.629122058
-248.404329833
-132.12123699
-198.572526815
-134.862989513
-80.4576788644
-196.550060299
-92.6922022296
-106.482083431
-158.985224506
-94.3971300454
-172.753683811
-162.514796052
-479.881132094
-274.033164402
-130.405938402
-221.749443744
-109.659230631
-90.7091350962
-230.083306551
-94.9971746551
-148.638973077
-232.663133014
-227.077388096
-130.101442286
-66.7692347887
-32.0796403785
-213.688668006
-220.359468743
-134.720041747
-328.941565376
-110.354772776
-331.610518955
-91.5780714972
-177.615617871
-259.385697366
-120.108504949
-308.115968169
-327.759903176
-99.9546474479
-303.799068128
-221.271790608
-180.903858252
-217.36374566
-111.300525838
-246.008054637
-258.172016077
-100.160442107
-38.8064855141
-262.386031268
-360.199963228
-109.890919608
-176.767352318
-412.485267803
-298.630726973
-166.531645624
-79.0598054883
-244.892377918
-300.605513425
-103.581052852
-47.6937570418
-183.422885158
-104.289272188
-48.3399568602
-187.925992444
-293.973443694
-185.807977329
-146.536969271
-78.61916279
-186.629557154
-91.8290280255
-158.445501405
-217.861502834
-59.0390900826
-110.110367858
-216.549610258
-133.497664663
-133.700225522
-214.297981091
-151.438627166
-117.053030741
-233.296518516
-391.789241868
-151.962234224
-196.072606418
-213.797588008
-294.248608129
-83.219479604
-218.656103555
-162.709037395
-131.727965547
-145.790197828
-133.453901452
-68.4201758575
-32.2212588474
-77.3401205974
-147.805200719
-117.675261191
-68.1867951365
-143.427710214
-106.297133036
-76.0203580337
-159.519718157
-82.5975804836
-204.99081279
-112.075260584
-185.775747073
-150.612891726
-194.291110412
-245.874275527
-237.827715149
-279.332817771
-148.873498336
-210.049370874
-298.492234693
-128.523062266
-159.344275941
-89.0286261738
-192.35293071
-116.30491342
-271.212779645
-175.406095138
-203.383478891
-280.068723671
-167.811736195
-108.520280909
-76.9696903358
-63.4587065611
-128.883505593
-150.240010227
-68.7395322974
-94.2802976297
-197.704498261
-113.022572302
-156.401387465
-93.4251702524
-123.122457307
-94.060800451
-25.4088396418
-104.316781712
-85.7028661993
-183.281566135
-254.353556099
-117.881253711
-130.844057502
-142.170574801
-231.153472641
-25.1631844437
-181.788860632
-96.4948185567
-86.3568211564
-202.368505277
-85.8399613208
-76.9696903358
-63.5105741785
-129.180569758
-105.816693266
-186.063788442
-82.5135927664
-80.1336836564
-140.419943518
-69.8037473234
-147.531522767
-103.824712601
-25.1631844437
-109.024507866
-136.545514189
-205.532916911
-122.067656909
-35.6646451677
-162.666330063
-68.7705687655
-89.1669720069
-187.450248461
-67.8914254586
-199.574046651
-25.603827142
-105.763794018
-47.5423934727
-192.867311485
-302.222793059
-153.271878257
-41.2316856209
-114.208570786
-120.156063189
-129.756852513
-198.775037318
-45.5832502649
-76.8923053748
-139.065703843
-123.549233921
-104.710130059
-168.147104383
-274.238919503
-309.20912603
-49.0604634205
-82.6817345056
-106.689559867
-54.0690709958
-92.9770587498
-108.120227805
-60.211550899
-94.4896413706
-138.906920451
-77.6523413479
-83.9713196612
-59.5582349717
-92.0430846299
-85.5356187248
-114.973122553
-98.8967989097
-134.918676131
-136.406339643
-183.255102246
-69.2988895991
-152.649647806
-138.656382994
-124.295837316
-92.3736669361
-207.656496118
-118.081932382
-174.587465938
-67.7471056562
-224.042119755
-148.310945302
-111.300525838
-257.117770822
-106.594411716
-84.9888305136
-58.1267253052
-127.178099894
-47.7588819987
-112.705753964
-130.092335349
-70.9345197976
-69.4061989641
-88.768172936
-64.7233132461
-202.436886758
-149.651545174
-79.5909141462
-92.2544829346
-252.146032463
-178.721047953
-171.936568244
-118.821479144
-75.1768531281
-147.782624469
-34.7861969378
-88.2450292886
-104.888927627
-252.612696225
-83.9195672377
-169.789793979
-97.8684884635
-210.514788598
-49.4308071912
-258.957260381
-71.7223380849
-273.222616302
-285.879480914
-187.966577015
-199.955905593
-187.699968476
-186.419348033
-320.929073205
-167.600639991
-88.3619595072
-161.388506388
-59.9413103079
-186.905735336
-185.44268238
-97.2093625541
-215.062652546
-61.1939012723
-302.333353539
-195.392537757
-126.628229541
-185.721238302
-273.281812408
-242.944622231
-133.107666473
-222.27082283
-155.638791852
-172.945079941
-180.766765884
-175.392750251
-202.388837003
-104.0447626
-55.3553456415
-179.036404325
-110.480715298
-150.441367335
-390.278564956
-177.776733836
-75.0750656789
-226.810336902
-286.180347442
-64.9698331822
-120.048753824
-65.6372585632
-223.178211805
-179.996234825
-289.142244973
-184.637503888
-377.404995764
-146.782624469
-153.484461674
-177.892572344
-134.164331329
-622.256887408
-102.906416767
-201.133376571
-150.807879226
-132.003059403
-195.407950748
-156.17435094
-166.590418325
-51.8874342349
-268.462019314
-89.9822776809
-221.847862365
-267.432216485
-110.048456977
-217.3673249
-179.653186043
-117.776339074
-149.587926261
-189.012489121
-138.085694567
-205.191783005
-67.8302254792
-193.595304368
-185.335207023
-201.20830618
-127.748101917
-159.808980194
-169.283844544
-108.046272083
-71.6040362791
-92.2663575711
-404.678057044
-225.337601976
-147.020042883
-90.1112853886
-197.37743555
-80.2535311187
-270.217268911
-215.296612958
-49.2178427292
-216.205794058
-216.713334807
-134.302677162
-139.630523712
-96.4616399989
-104.375826676
-291.761389654
-217.3651713
-194.581024609
-40.8715927359
-205.813109407
-193.641637958
-165.836312123
-82.382474852
-168.00908895
-81.7070004966
-162.757226229
-107.075363531
-247.12801862
-204.485955066
-303.766985594
-357.876781273
-126.167770618
-167.729637386
-119.679623711
-38.8887869484
-180.642935157
-90.1066834555
-207.205684967
-186.647069227
-196.294406855
-87.7028661993
-143.005605507
-124.057164811
-124.057164811
-69.172719058
-64.1253732278
-159.1521718
-161.123270158
-158.155262411
-56.4856089592
-52.7490884018
-72.4715051303
-224.778640312
-47.1017507744
-125.057164811
-172.490889915
-184.567155321
-56.6805964594
-206.742130652
-153.616721623
-279.534164479
-169.415803323
-212.402411001
-96.5740585951
-70.6011864643
-99.3488993648
-156.617621892
-250.783888776
-141.168465399
-209.977729826
-77.7436663675
-76.1412147268
-85.4972624104
-216.719751197
-62.3544122427
-156.328921628
-133.781816785
-97.9589243643
-123.671146374
-162.410482948
-293.839069543
-240.656645135
-219.289939869
-150.081635593
-115.676603068
-39.6337796976
-194.32214688
-126.880059843
-273.589128194
-187.934011779
-184.119631455
-215.650760855
-193.779633349
-167.757755261
-349.644974962
-183.867804773
-263.931502261
-126.851288328
-91.1256192456
-168.446317817
-191.192061907
-99.8374659226
-118.776339074
-363.915457693
-221.574087473
-105.94075596
-247.044203436
-289.516287277
-156.664783242
-122.469225873
-83.6911587704
-138.331873731
-105.491379268
-89.5003053403
-141.061156034
-179.841946935
-176.992425771
-72.1123130854
-82.5236586569
-80.2815525403
-155.750055452
-211.901619843
-193.798175341
-303.542808494
-33.7849654432
-249.599250754
-163.770090346
-125.78837152
-175.982132667
-85.2022853915
-274.944036382
-76.0527919885
-67.4402504787
-191.844198817
-134.895954291
-97.0106067872
-227.169317988
-136.77654778
-103.149392111
-122.330705664
-109.169753364
-152.950826992
-152.905473142
-112.556509044
-174.202452152
-130.297538812
-124.018672405
-88.6571176364
-105.747985097
-183.295135563
-117.099570357
-203.419739345
-289.71228175
-73.2071195427
-74.4494520177
-118.443005741
-242.494328938
-378.605521572
-146.14699427
-222.979534278
-141.978964047
-201.238602815
-249.873125914
-137.537112117
-303.917974777
-65.774845682
-182.110319328
-114.250414413
-52.5513829885
-134.921948767
-202.028739307
-108.715563337
-98.5290888252
-129.966300899
-187.294996042
-34.5450014163
-37.6937994481
-122.567778821
-175.557074437
-311.898492567
-87.9365847054
-132.066794606
-124.456229024
-167.535473711
-191.769917901
-115.859720334
-73.7789797521
-48.8219859429
-66.7067087
-96.9211035768
-222.094626809
-89.7264152536
-120.277435392
-183.562836663
-105.509254534
-116.93547049
-83.970220363
-155.534589952
-151.791366051
-50.8766215603
-92.9163688067
-160.563912857
-45.3067104859
-107.261078383
-190.315877984
-141.911064105
-66.6987205065
-281.553650933
-112.994693325
-55.0956339587
-70.0022680833
-144.845618969
-119.631993847
-250.744922345
-98.6097654003
-119.627742355
-104.408736763
-183.768783755
-172.511092362
-103.015893042
-193.974971291
-98.2000244288
-217.09173644
-245.766336157
-285.702242965
-138.809526867
-72.4764302478
-85.5356187248
-104.572157739
-137.060217696
-94.7491388243
-84.9566301935
-135.836484143
-213.931982684
-75.2229188927
-231.691105367
-312.949160264
-196.026380258
-208.598324905
-145.103899931
-104.891134832
-155.379589326
-146.658120891
-156.770323041
-313.396512303
-136.585710107
-269.554011941
-360.95470076
-428.653764138
-224.58767709
-104.609869229
-282.603239951
-188.235046774
-288.964203152
-191.085381233
-297.976235598
-162.138068198
-300.393782943
-242.830380185
-238.709923641
-32.4059040491
-205.892074122
-298.645460606
-204.318812235
-122.713915696
-157.521237884
-168.309252673
-118.152568241
-55.1028116792
-74.4566373988
-148.569375792
-41.1345280914
-71.4308483789
-183.339483939
-117.30795635
-90.742313654
-88.8447452922
-145.992844632
-120.564916076
-143.902542823
-142.716987988
-52.696179564
-98.1539118645
-92.2943684894
-210.292438149
-45.03130914
-158.626941577
-56.454572491
-116.810671985
-68.3817826367
-155.003672952
-109.910550837
-124.39745551
-143.170739239
-126.868193568
-118.971769012
-145.484351881
-63.994895681
-51.3120925878
-98.4596538803
-159.419795495
-44.6979335182
-91.347108519
-150.099522304
-254.033977245
-72.7168104568
-61.4798272481
-125.557745618
-288.719690094
-150.364049537
-300.876801345
-128.55017226
-66.1081790153
-170.461735634
-162.382027648
-76.5715411319
-189.78755715
-130.226058731
-44.6979335182
-65.8625238172
-230.768837306
-120.242407347
-78.886131595
-110.772205004
-183.711838061
-159.349004751
-251.028252522
-144.022625331
-205.842215336
-123.528843977
-119.20485897
-62.1895882538
-137.671181034
-155.209754474
-147.254303635
-109.458966228
-193.636405258
-110.456030419
-114.529745538
-256.940091504
-70.6720566092
-14.1339203707
-90.0994963188
-14.658261129
-116.002749265
-14.6806325277
-163.523261492
-15.6267386595
-122.145229168
-15.9074212062
-142.72920626
-77.5696779434
-159.855788785
-222.028073856
-327.163918946
-50.8011894788
-194.658019576
-118.103205843
-20.5083680523
-248.175998603
-174.803378697
-103.386937163
-244.210373786
-173.061054376
-236.968390482
-287.467751196
-132.29336527
-112.816091041
-219.658118724
-132.09553108
-239.434435726
-139.958679859
-103.887831189
-126.04797914
-108.399424216
-149.640820655
-252.304058595
-51.0664373898
-48.9863326133
-187.467349623
-162.047429904
-196.185979239
-156.129657212
-139.884529101
-205.009743881
-66.0450391883
-153.697915637
-126.127294837
-191.779983791
-71.4993978223
-94.777803047
-141.377295155
-143.31282749
-68.0291405243
-99.041424743
-183.806886189
-159.930207064
-109.664030901
-190.277385578
-251.445506881
-246.841710221
-185.994271456
-290.495003269
-144.17203358
-136.801569523
-79.7993690978
-122.86217731
-93.2412615287
-116.806510804
-95.8847935572
-147.569895539
-180.614913736
-172.838956882
-84.5356187248
-67.9655562658
-226.103499447
-189.917121201
-164.496028493
-263.052962909
-261.970112088
-152.166396237
-70.3320681569
-96.5044394104
-160.483712915
-199.615023566
-96.8885263865
-212.763892632
-176.783120889
-286.97934122
-118.787330054
-54.9550668822
-205.843937814
-91.8730861283
-283.190995165
-137.303768303
-98.6049908437
-131.230698029
-160.067584275
-145.491134763
-176.966703151
-197.81541494
-205.914851668
-91.4708865629
-78.0031638212
-195.183548408
-191.201504333
-120.968504949
-212.957336971
-231.660365762
-124.879763174
-160.856477762
-51.3473805472
-89.6952928405
-301.716531665
-179.869278346
-173.214198249
-230.643527709
-203.638143155
-214.308467027
-303.212097259
-204.430404539
-129.614682213
-76.3030236692
-53.7848628945
-189.536210781
-131.430290055
-83.5934147447
-49.0458891563
-155.566557491
-67.0036128311
-175.715073984
-261.930177732
-116.300500413
-127.316692354
-120.418550908
-135.032507905
-117.581351574
-169.5434398
-33.6080035006
-195.666761391
-215.005882253
-165.449930402
-116.770156122
-113.62593537
-143.480954181
-200.562020367
-132.33371363
-175.20473611
-105.670031981
-130.295221225
-110.486211339
-219.389566274
-202.160195092
-185.047968808
-204.276339819
-214.088358455
-88.1720076377
-86.4403356436
-89.4356683154
-171.432766279
-158.346329127
-217.82158257
-114.392591556
-264.429853489
-153.034466923
-86.2593694965
-152.449504422
-34.8029910008
-226.003509928
-59.2990324454
-125.345563906
-147.096326573
-256.129217506
-201.829013432
-145.392649468
-129.728407985
-47.8862009689
-237.517790145
-124.532564679
-105.766025569
-106.828303971
-143.690583
-191.067334616
-251.810444489
-33.9056329553
-114.11206858
-185.264271947
-130.018204542
-75.1936388337
-72.1080361689
-235.223907947
-99.6822326981
-128.187684646
-92.1862527947
-248.808181221
-60.6914227182
-119.787330054
-171.824223248
-171.502811108
-185.415633367
-145.135537791
-263.246021925
-91.4587223236
-109.789399217
-218.116423498
-118.581351574
-114.740931567
-125.18377779
-154.110471019
-349.34955473
-356.764466093
-98.868124266
-153.535129372
-131.875581792
-118.109672408
-156.436230993
-149.002146532
-249.59849204
-178.236469744
-84.1875907423
-215.664809259
-160.205972397
-174.424354657
-520.517787578
-230.119717181
-32.6980447775
-230.191557025
-355.908699078
-139.434751169
-98.6087441094
-190.524040289
-79.8958967447
-282.366271353
-200.524859821
-296.892186528
-150.849321431
-201.829811558
-289.230828928
-79.498030269
-138.290195049
-294.025157408
-235.91266238
-56.9015191511
-379.879463124
-141.292913462
-86.4537882228
-210.560986509
-224.394418765
-132.240134828
-143.07714038
-91.0052490095
-247.693648077
-113.467773312
-233.135738946
-42.1771860435
-224.212796748
-293.386886109
-300.053344113
-121.952452677
-112.327285389
-222.429150743
-225.160523549
-175.035219914
-300.744305234
-115.403558286
-52.7507519111
-169.188291643
-70.9286317733
-131.65756757
-141.778139957
-212.345769334
-327.516340669
-260.41445108
-298.709134696
-213.129310705
-237.426949836
-203.519390487
-401.339426557
-151.811821038
-118.155784972
-159.446817597
-61.3454232268
-138.955050421
-90.7265418799
-267.790256217
-81.3011837699
-273.947128387
-74.073956771
-68.3770446836
-129.855813183
-162.440365063
-287.574228152
-236.45393008
-54.280051839
-86.6818629335
-228.342375241
-163.697442347
-260.637292562
-264.785922049
-345.836220611
-88.3929959753
-164.046113146
-99.4829682814
-81.6526663646
-80.0265090337
-46.7751434418
-65.6481376325
-182.883033926
-212.553230481
-191.822633811
-135.10629834
-156.677609275
-116.529705639
-115.976774691
-74.3389974622
-166.31577239
-95.4519079656
-135.773817111
-93.987802158
-68.1915802341
-124.280517535
-64.7920398944
-152.290565314
-285.459236856
-174.444561559
-52.7560793439
-205.676047893
-327.16699405
-178.970945798
-136.955446059
-117.490609602
-63.2427824299
-83.1244121659
-88.875285457
-60.335331511
-83.034057443
-158.748734739
-168.779734019
-101.193582596
-55.8696099903
-178.129515286
-186.754452811
-122.675690361
-57.6197859335
-205.791648814
-112.962915588
-144.367202984
-119.149246373
-56.8521208503
-126.946753676
-230.837248135
-38.5554536151
-134.820516508
-72.5018421098
-132.255559961
-103.523461388
-62.294755529
-106.796972576
-119.811275874
-135.94695468
-114.546508046
-121.812685196
-32.8246331278
-73.1149420768
-38.5554536151
-112.216144145
-165.480855693
-25.9371604754
-200.547304763
-285.123056351
-177.008810119
-317.409092925
-85.0335634987
-18.5988349197
-120.967027373
-43.4265748153
-51.1232785274
-204.434768641
-159.212927714
-98.1595552478
-60.8395142614
-174.803378697
-121.896114583
-49.6256963856
-17.8593336687
-31.6593662226
-25.9734476738
-31.3953688724
-241.92188466
-69.6967234697
-141.466841481
-179.987257843
-77.3479192403
-64.0265359011
-128.512641024
-153.411693958
-44.4288152109
-94.0071550449
-56.3405430765
-130.459221931
-137.401420635
-46.2090601393
-48.8677666453
-164.272137115
-177.030964623
-175.313047395
-274.453561513
-389.772636439
-134.031840455
-141.635708625
-133.612633331
-209.743983827
-64.4587065611
-367.028080906
-149.128538188
-269.307335515
-110.946662484
-90.7636272609
-167.898163307
-191.35573626
-64.1366196367
-52.009552886
-109.038980889
-223.904330196
-100.285759538
-92.43244343
-68.4288884822
-217.273607318
-72.5839922518
-111.44353596
-111.538789661
-157.436230993
-254.168110904
-185.686023165
-100.394042114
-60.1466472869
-109.061367455
-130.34285897
-159.737347815
-59.4268800807
-154.06577887
-104.05073657
-100.150821254
-173.780273999
-101.19880675
-18.7946805722
-202.882452476
-97.0709828647
-231.858847937
-244.64116985
-50.6945977233
-56.4841130635
-40.8084529089
-223.884698966
-91.4831111278
-95.8956229722
-361.802360455
-43.3329941547
-35.8061770454
-28.4384824929
-27.7184806028
-97.7448619078
-152.915483518
-50.0598429605
-241.059538976
-70.9379977505
-42.4675209158
-28.122445481
-250.596493038
-175.461448025
-68.464625016
-109.448652234
-276.83811472
-186.783387767
-137.386940958
-139.268318827
-139.867538661
-27.3184182633
-17.5298746566
-178.651614999
-45.8884418296
-63.381164127
-40.9212255747
-135.945651457
-52.054179767
-43.8718316132
-59.8805176703
-194.854817008
-95.2898206804
-155.094645388
-68.4266658123
-71.4609143153
-92.3737368505
-188.852067103
-129.406593726
-70.7707274802
-54.7197154429
-134.557156145
-137.131311486
-181.144496439
-105.012679494
-118.062301152
-221.856030143
-73.1123130854
-165.203885186
-97.6962387247
-160.461521852
-98.6008287135
-124.290471013
-69.2593225522
-172.961265421
-85.6102833172
-104.249020512
-99.6016828848
-219.191945441
-118.529943415
-148.767392722
-189.923048979
-218.989925744
-50.4114065951
-49.3509387626
-100.785265147
-84.8383580279
-86.9377100485
-114.286644915
-113.551176767
-173.350543386
-161.18671849
-235.808379582
-217.931748611
-81.8288367609
-433.131705813
-155.436230993
-99.3674299548
-88.3299895107
-60.411337542
-105.589738226
-164.31550759
-114.374404006
-122.030185736
-152.911355437
-188.259474916
-235.747894255
-47.717214306
-168.470320347
-106.450795235
-83.4455895173
-109.632880933
-189.403281494
-93.5708061104
-113.264177962
-123.996254479
-175.065546136
-169.976116409
-200.216388474
-117.145704607
-253.519338236
-163.484377826
